0 0 1.8202e+07
1000000 11014091.9935223 1.8202e+07
2000000 7899134.75230050 1.4845e+07
3000000 6521486.08822557 1.33505e+07
4000000 5694225.78547810 1.24393e+07
5000000 5139641.13922671 1.18158e+07
6000000 4741207.86795815 1.13575e+07
7000000 4430264.00500575 1.10067e+07
8000000 4186363.07553458 1.07269e+07
9000000 3989385.27583102 1.04967e+07
10000000 3824745.39906272 1.03004e+07
11000000 3689738.80580517 1.01348e+07
12000000 3573785.60558400 9.98862e+06
13000000 3470957.88341626 9.85559e+06
14000000 3379559.81318797 9.73331e+06
15000000 3302570.10126292 9.62442e+06
16000000 3228728.25495885 9.51736e+06
17000000 3166117.53480353 9.4203e+06
18000000 3104448.72254842 9.32271e+06
19000000 3050887.98418891 9.23219e+06
20000000 2996175.71520265 9.13995e+06
21000000 2950328.04967174 9.05698e+06
22000000 2903256.70972310 8.97372e+06
23000000 2860767.91874410 8.89687e+06
24000000 2821023.43057196 8.82531e+06
25000000 2780566.73654534 8.75655e+06
26000000 2746272.21006370 8.69859e+06
27000000 2712365.59590178 8.64659e+06
28000000 2677982.31652355 8.60019e+06
29000000 2648402.62142377 8.56445e+06
30000000 2619530.23213084 8.53493e+06
31000000 2590141.10180995 8.51011e+06
32000000 2562336.18771176 8.49178e+06
33000000 2537454.58081805 8.48102e+06
34000000 2512467.59039881 8.47413e+06
35000000 2487766.93319643 8.47091e+06
36000000 2466123.02825352 8.47355e+06
37000000 2447636.99911645 8.48189e+06
38000000 2430287.10115238 8.49384e+06
39000000 2414252.49290324 8.50956e+06
40000000 2400457.02422947 8.52999e+06
41000000 2391581.47580586 8.5578e+06
42000000 2384787.86343853 8.59001e+06
43000000 2380597.27016522 8.62635e+06
44000000 2379540.54939774 8.66653e+06
45000000 2383218.08204299 8.71136e+06
46000000 2393378.15102368 8.76178e+06
47000000 2408587.06006474 8.81551e+06
48000000 2429573.21460092 8.87244e+06
49000000 2457015.83397448 8.93234e+06
50000000 2491470.00320855 8.99455e+06
51000000 2535804.13464832 9.06076e+06
52000000 2587975.78887777 9.12778e+06
53000000 2647706.42250598 9.19416e+06
54000000 2715042.43071376 9.25883e+06
55000000 2790093.29034933 9.32038e+06
56000000 2872988.58241856 9.37727e+06
57000000 2965622.69435131 9.4298e+06
58000000 3066911.99895901 9.4755e+06
59000000 3176482.56921805 9.51303e+06
60000000 3294190.06494116 9.54183e+06
61000000 3419690.65356461 9.56142e+06
62000000 3552667.08017179 9.57131e+06
63000000 3692724.92219750 9.57108e+06
64000000 3840501.68454995 9.56193e+06
65000000 3993252.17435270 9.54169e+06
66000000 4149615.35187162 9.50959e+06
6.7e+07 4308471.62626445 9.46495e+06
68000000 4468754.27685592 9.40698e+06
69000000 4629475.18843761 9.33514e+06
70000000 4789740.82305153 9.2492e+06
71000000 4948993.58442631 9.14924e+06
72000000 5107273.20284658 9.03606e+06
73000000 5261894.73468287 8.90915e+06
74000000 5411474.09198156 8.76929e+06
75000000 5554624.00848411 8.61727e+06
76000000 5689891.62570118 8.45383e+06
77000000 5815793.50442349 8.27966e+06
78000000 5931067.55768889 8.0954e+06
79000000 6034606.04218993 7.90172e+06
80000000 6126085.11389712 7.70002e+06
81000000 6204409.08052483 7.49092e+06
82000000 6268885.94334024 7.27533e+06
83000000 6319419.65117259 7.05477e+06
84000000 6355913.77582097 6.83074e+06
85000000 6378239.18924422 6.60495e+06
86000000 6386260.67243097 6.37908e+06
87000000 6379797.78041451 6.1547e+06
88000000 6358653.33846494 5.9333e+06
89000000 6322630.17063294 5.71638e+06
90000000 6272914.97422138 5.50622e+06
91000000 6209561.64959945 5.30272e+06
92000000 6133347.02633872 5.10646e+06
93000000 6045195.37889390 4.9182e+06
94000000 5946393.22630239 4.73877e+06
95000000 5838254.98739598 4.56902e+06
96000000 5721983.45957022 4.40986e+06
97000000 5598762.60286305 4.26224e+06
98000000 5469777.82950324 4.12708e+06
99000000 5336053.14420965 4.00483e+06
100000000 5198423.38682316 3.89534e+06
101000000 5058699.29078427 3.79946e+06
102000000 4916754.47365467 3.71605e+06
103000000 4773668.89905608 3.64446e+06
104000000 4630523.95765506 3.58402e+06
105000000 4488523.29296069 3.53418e+06
106000000 4348871.42979734 3.49433e+06
107000000 4212772.82627490 3.46392e+06
108000000 4080981.98676844 3.44244e+06
109000000 3953942.91267334 3.42945e+06
110000000 3832101.58725428 3.42447e+06
111000000 3715804.85119769 3.42698e+06
112000000 3604992.21678549 3.43607e+06
113000000 3500264.75980517 3.4515e+06
114000000 3401119.15962043 3.47177e+06
115000000 3307376.00993730 3.4957e+06
116000000 3219024.14551353 3.52228e+06
117000000 3136138.75199197 3.5508e+06
118000000 3058827.95563379 3.58072e+06
119000000 2987192.73523964 3.61149e+06
120000000 2921147.17348715 3.64275e+06
121000000 2860256.53892368 3.6742e+06
122000000 2804045.38700120 3.70564e+06
123000000 2751960.73871570 3.73687e+06
124000000 2703449.61492389 3.76767e+06
125000000 2657959.03634536 3.79784e+06
126000000 2615232.34896997 3.8271e+06
127000000 2575518.73045065 3.85561e+06
128000000 2537908.88483598 3.88232e+06
129000000 2502189.86868175 3.90708e+06
130000000 2468243.32062392 3.93004e+06
131000000 2435962.37781024 3.95137e+06
132000000 2405257.18759545 3.97129e+06
133000000 2376038.15540127 3.99005e+06
1.34e+08 2348218.65575399 4.00786e+06
135000000 2321459.29275810 4.02481e+06
136000000 2295426.86715992 4.04097e+06
137000000 2269785.67207176 4.05639e+06
138000000 2244423.26106383 4.07113e+06
139000000 2219382.43481643 4.0852e+06
140000000 2194746.55061105 4.09858e+06
141000000 2170635.26640555 4.11122e+06
142000000 2147602.68966164 4.12355e+06
143000000 2125470.07939480 4.13525e+06
144000000 2104111.46380652 4.14641e+06
145000000 2083549.63365582 4.15724e+06
146000000 2063812.41880381 4.16794e+06
147000000 2044879.99109804 4.17854e+06
148000000 2026715.79384129 4.18905e+06
149000000 2009245.02092066 4.1994e+06
150000000 1992362.94908787 4.20959e+06
151000000 1975981.43107877 4.21951e+06
152000000 1960059.32910618 4.22909e+06
153000000 1944703.28191242 4.23828e+06
154000000 1930019.92812641 4.24702e+06
155000000 1916115.90626448 4.25528e+06
156000000 1902983.91936251 4.26308e+06
157000000 1890599.71831482 4.27048e+06
158000000 1878920.30557596 4.27758e+06
159000000 1868142.93773983 4.28473e+06
160000000 1858204.13704408 4.29204e+06
161000000 1848788.10022644 4.29932e+06
162000000 1839779.38602590 4.3065e+06
163000000 1831064.80056793 4.31352e+06
164000000 1822535.92579361 4.3203e+06
165000000 1814188.11002136 4.32694e+06
166000000 1806047.81335909 4.33336e+06
167000000 1798188.77567123 4.33958e+06
168000000 1790683.83440424 4.34562e+06
169000000 1783610.71654073 4.3515e+06
170000000 1776975.36326235 4.35728e+06
171000000 1770703.19243172 4.36307e+06
172000000 1764719.62181607 4.36898e+06
173000000 1758955.90889961 4.37509e+06
174000000 1753374.50437800 4.3814e+06
175000000 1747946.63119988 4.3879e+06
176000000 1742645.94771484 4.39449e+06
177000000 1737432.81232038 4.40111e+06
178000000 1732340.69133109 4.40774e+06
179000000 1727709.39285594 4.41472e+06
180000000 1723195.15159572 4.42179e+06
181000000 1718898.69866952 4.42882e+06
182000000 1714901.09491259 4.43584e+06
183000000 1711180.18389715 4.44287e+06
184000000 1707704.03953547 4.44992e+06
185000000 1704397.23018843 4.45704e+06
186000000 1700845.01073102 4.46411e+06
187000000 1696985.25577556 4.47116e+06
188000000 1693115.29110557 4.4783e+06
189000000 1689219.20487238 4.48541e+06
190000000 1685281.08515309 4.4924e+06
191000000 1681296.51859218 4.49922e+06
192000000 1676077.83927659 4.50615e+06
193000000 1669744.09584562 4.5132e+06
194000000 1663453.96404717 4.52018e+06
195000000 1657239.42435795 4.52745e+06
196000000 1651182.30460506 4.53466e+06
197000000 1645214.12025218 4.5418e+06
198000000 1643506.24310715 4.55051e+06
199000000 1645349.46615863 4.56055e+06
200000000 1647247.64477093 4.57074e+06
201000000 1649216.20903993 4.58107e+06
202000000 1651082.52061220 4.5913e+06
203000000 1652872.47154358 4.60135e+06
204000000 1651836.83876324 4.60868e+06
205000000 1648507.26049870 4.61368e+06
206000000 1645203.43141254 4.61842e+06
207000000 1641974.49741971 4.62296e+06
208000000 1638869.60438028 4.62734e+06
209000000 1635968.52445578 4.63216e+06
210000000 1633441.54477475 4.63928e+06
211000000 1631025.68204214 4.64679e+06
212000000 1628640.41672623 4.65417e+06
213000000 1626228.23927863 4.66141e+06
214000000 1623751.17925899 4.6685e+06
215000000 1621258.27712123 4.67538e+06
216000000 1618892.22378488 4.68221e+06
217000000 1616673.48826680 4.68886e+06
218000000 1614562.65638242 4.6952e+06
219000000 1612579.00835136 4.70122e+06
220000000 1610745.10502003 4.70699e+06
221000000 1609084.82161961 4.71257e+06
222000000 1607603.76208403 4.71806e+06
223000000 1606306.14668714 4.7235e+06
224000000 1608951.79679630 4.72284e+06
225000000 1619582.66298283 4.71008e+06
226000000 1630236.37748780 4.69718e+06
227000000 1640916.83632216 4.68413e+06
228000000 1651648.24666996 4.67096e+06
229000000 1662471.38764542 4.65763e+06
230000000 1673430.42010421 4.6441e+06
231000000 1684578.59182267 4.63034e+06
232000000 1695943.41715019 4.61638e+06
233000000 1707520.78768468 4.60228e+06
234000000 1719308.74993063 4.58816e+06
235000000 1731301.49012372 4.57408e+06
236000000 1743480.48842001 4.56002e+06
237000000 1755831.75393733 4.54599e+06
238000000 1768340.51145844 4.53197e+06
239000000 1772069.98732363 4.5267e+06
240000000 1763061.03161247 4.53402e+06
241000000 1754104.95005976 4.54129e+06
242000000 1745254.13577522 4.54848e+06
243000000 1736560.79834006 4.5556e+06
244000000 1728067.37772873 4.56263e+06
245000000 1719772.80841673 4.56961e+06
246000000 1711671.61405149 4.5766e+06
247000000 1703737.06003962 4.58362e+06
248000000 1695942.39002243 4.59072e+06
249000000 1688260.13022426 4.59795e+06
250000000 1680656.24550249 4.60529e+06
251000000 1673094.07183363 4.61269e+06
252000000 1665734.13374336 4.62037e+06
253000000 1658400.77785381 4.6281e+06
254000000 1655775.36949165 4.63336e+06
255000000 1657871.49589360 4.63617e+06
256000000 1660009.52981761 4.63896e+06
257000000 1662232.46640039 4.64174e+06
258000000 1664579.18070709 4.64457e+06
259000000 1667020.74777534 4.64745e+06
260000000 1669514.19483485 4.65039e+06
261000000 1672014.78335892 4.65344e+06
262000000 1674490.64149617 4.6566e+06
263000000 1676925.70873349 4.65987e+06
264000000 1679299.43139878 4.66327e+06
265000000 1681602.16685100 4.66671e+06
266000000 1683823.02383824 4.67012e+06
2.67e+08 1685948.92605442 4.67344e+06
2.68e+08 1688021.99283739 4.67669e+06
269000000 1690359.33200994 4.67936e+06
270000000 1692911.49970013 4.68169e+06
271000000 1695509.36044884 4.68401e+06
272000000 1698151.54134686 4.6863e+06
273000000 1700814.70198920 4.68858e+06
274000000 1703457.64892507 4.69084e+06
275000000 1706039.18868686 4.6931e+06
276000000 1708500.08149927 4.69545e+06
277000000 1710867.92005240 4.69777e+06
278000000 1713162.31207031 4.69996e+06
279000000 1715394.88031127 4.70197e+06
280000000 1717580.52818855 4.70377e+06
281000000 1719735.47352792 4.70534e+06
282000000 1722224.68547928 4.70663e+06
283000000 1725001.00913078 4.70787e+06
284000000 1727882.72710538 4.70873e+06
285000000 1730849.90275437 4.70933e+06
286000000 1733827.03691122 4.70975e+06
287000000 1736764.65749080 4.70996e+06
288000000 1739132.92896174 4.71031e+06
289000000 1741264.39270510 4.71052e+06
290000000 1743288.93050366 4.71047e+06
291000000 1745215.68520091 4.71014e+06
292000000 1747058.07964227 4.70947e+06
293000000 1748829.53665946 4.70843e+06
294000000 1750698.63072980 4.707e+06
295000000 1752553.45297517 4.70525e+06
296000000 1754363.41802594 4.70321e+06
297000000 1756152.70941342 4.70094e+06
298000000 1757923.80507250 4.69845e+06
299000000 1759636.47157519 4.69565e+06
300000000 1761233.61224160 4.69274e+06
301000000 1762661.27034287 4.68963e+06
302000000 1763872.18268456 4.68629e+06
303000000 1764856.51778642 4.68273e+06
304000000 1765640.15021292 4.67893e+06
305000000 1766248.95451601 4.67488e+06
306000000 1766825.50004779 4.67071e+06
307000000 1767274.11053845 4.66633e+06
308000000 1767569.59064607 4.66177e+06
309000000 1767707.55958587 4.65706e+06
310000000 1767683.63656090 4.65229e+06
311000000 1767493.44076201 4.6475e+06
312000000 1766893.25638662 4.64289e+06
313000000 1766038.61068968 4.63833e+06
314000000 1764951.84264721 4.63376e+06
315000000 1763604.08403379 4.62924e+06
316000000 1762003.67402051 4.62478e+06
317000000 1760300.98750642 4.62055e+06
318000000 1758493.93928541 4.61665e+06
319000000 1756543.19587164 4.6129e+06
320000000 1754483.04795323 4.6093e+06
321000000 1752326.48051046 4.60589e+06
322000000 1750077.91848026 4.60272e+06
323000000 1747741.78678773 4.59983e+06
324000000 1745601.32148787 4.59738e+06
325000000 1743424.11236888 4.59527e+06
326000000 1741175.49068768 4.59348e+06
327000000 1738849.08568039 4.592e+06
328000000 1736438.52657135 4.59081e+06
329000000 1733945.26869265 4.58984e+06
330000000 1730955.01750778 4.58948e+06
331000000 1727911.80354849 4.58942e+06
332000000 1724911.51827848 4.58961e+06
333000000 1721981.69404019 4.59005e+06
334000000 1719132.01013557 4.59075e+06
335000000 1716361.60800551 4.59171e+06
336000000 1713796.67430931 4.59319e+06
337000000 1711296.19429123 4.59501e+06
338000000 1708832.21344989 4.59715e+06
339000000 1706398.06166510 4.59958e+06
340000000 1703987.06880466 4.60224e+06
341000000 1701592.56472438 4.60508e+06
342000000 1699276.96642409 4.60848e+06
343000000 1696989.25648511 4.61204e+06
344000000 1694749.71754654 4.6157e+06
345000000 1692584.44269305 4.61948e+06
346000000 1690524.48696753 4.62337e+06
347000000 1688589.74356781 4.62737e+06
348000000 1686530.92467590 4.63165e+06
349000000 1684519.03046935 4.63604e+06
350000000 1682531.95581240 4.64054e+06
351000000 1680550.98461795 4.64514e+06
352000000 1678561.68080215 4.64983e+06
353000000 1676554.09082929 4.65457e+06
354000000 1674611.24567964 4.6599e+06
355000000 1672672.03968560 4.66524e+06
356000000 1670827.70379575 4.67064e+06
357000000 1669049.48807884 4.67602e+06
358000000 1667294.48200579 4.68137e+06
359000000 1665584.47857971 4.68669e+06
360000000 1663866.92425353 4.69253e+06
361000000 1662184.39502447 4.69837e+06
362000000 1660510.73973798 4.7042e+06
363000000 1658814.33160489 4.71003e+06
364000000 1657063.54382279 4.71586e+06
365000000 1655247.82527428 4.72168e+06
366000000 1653356.42775223 4.7281e+06
367000000 1651433.02037603 4.73444e+06
368000000 1649493.90831091 4.74066e+06
369000000 1647551.70483748 4.74677e+06
370000000 1645619.02322266 4.75277e+06
371000000 1643716.53842634 4.75868e+06
372000000 1641770.11530791 4.76535e+06
373000000 1639899.31248440 4.77199e+06
374000000 1638098.40738619 4.77859e+06
375000000 1636336.14694927 4.78516e+06
376000000 1634583.34979230 4.7917e+06
377000000 1632814.61379622 4.79823e+06
378000000 1630976.56580131 4.8057e+06
379000000 1629132.88450551 4.81311e+06
380000000 1627309.78042292 4.82045e+06
381000000 1625533.46405302 4.82769e+06
382000000 1623830.14588061 4.83481e+06
383000000 1622209.96206548 4.84187e+06
384000000 1620601.81542646 4.84994e+06
385000000 1619096.78961510 4.85799e+06
386000000 1617698.94081915 4.86603e+06
387000000 1616402.75698141 4.87408e+06
388000000 1615198.29529516 4.88214e+06
389000000 1614053.63213096 4.89029e+06
390000000 1612851.11965041 4.90013e+06
391000000 1611660.73624979 4.90995e+06
392000000 1610502.07177769 4.91974e+06
393000000 1609403.72082165 4.92951e+06
394000000 1608394.27795329 4.93923e+06
395000000 1607484.61137656 4.94909e+06
396000000 1606603.79270804 4.96089e+06
397000000 1605835.09699687 4.97268e+06
398000000 1605172.32283996 4.9845e+06
399000000 1604719.47986750 4.99649e+06
400000000 1604373.38481062 5.00859e+06
401000000 1604052.40077846 5.02101e+06
402000000 1603329.66029314 5.03588e+06
403000000 1602626.53917692 5.05078e+06
404000000 1601932.83321580 5.06571e+06
405000000 1601249.04933437 5.08067e+06
406000000 1600588.25863134 5.09565e+06
407000000 1600005.91947279 5.11113e+06
408000000 1599740.11562544 5.13045e+06
409000000 1599569.03523381 5.14981e+06
410000000 1599471.88869267 5.16921e+06
411000000 1599427.88637903 5.1887e+06
412000000 1599413.14791009 5.20831e+06
413000000 1599252.61969933 5.22877e+06
414000000 1598004.88897263 5.25426e+06
415000000 1596748.20975171 5.27984e+06
416000000 1595522.69873569 5.30552e+06
417000000 1594290.38231580 5.33128e+06
418000000 1593010.98967527 5.35704e+06
419000000 1591689.96508144 5.38411e+06
420000000 1590248.20034450 5.4191e+06
421000000 1588831.28377538 5.45413e+06
422000000 1587441.10227807 5.4892e+06
423000000 1586075.04035997 5.52431e+06
424000000 1584713.74903827 5.55949e+06
425000000 1583033.26581596 5.59712e+06
426000000 1579736.36926664 5.6473e+06
427000000 1576378.63581944 5.69757e+06
428000000 1572957.07172656 5.74789e+06
429000000 1569468.68322021 5.79823e+06
430000000 1565910.47651244 5.84855e+06
431000000 1562074.90480111 5.90375e+06
432000000 1557139.05554917 5.98282e+06
433000000 1552182.31406151 6.06185e+06
434000000 1547225.30338975 6.14084e+06
435000000 1542280.31586472 6.21983e+06
436000000 1537346.34897258 6.29883e+06
437000000 1530675.83631146 6.38948e+06
438000000 1516624.60610715 6.52976e+06
439000000 1502509.31229282 6.67005e+06
440000000 1488327.27657598 6.81035e+06
441000000 1474076.20616284 6.95065e+06
442000000 1459766.28625742 7.09092e+06
443000000 1440189.84030460 7.27082e+06
444000000 1400945.81628548 7.6e+06
445000000 1361679.87508896 7.92908e+06
446000000 1322412.29096086 8.25809e+06
447000000 1283196.20958336 8.58709e+06
448000000 1244158.28753947 8.91608e+06
449000000 1460911.33617234 9.47304e+06
450000000 2584330.82314689 1.08384e+07
451000000 3707757.19508010 1.22038e+07
452000000 4831168.04961467 1.35691e+07
453000000 5954540.98436996 1.49344e+07
454000000 7077887.06388366 1.62996e+07
455000000 7719952.60093214 1.62427e+07
456000000 6837996.34973969 1.16825e+07
457000000 5956073.38845718 7.12211e+06
458000000 5074194.32769232 2.56168e+06
459000000 4192370.27703360 -1.99884e+06
460000000 3310613.53715023 -6.55942e+06
461000000 2627578.78511144 -9.51789e+06
462000000 2510002.70878246 -7.91648e+06
463000000 2392667.80104811 -6.31488e+06
464000000 2275442.44549067 -4.71322e+06
465000000 2158245.03029517 -3.11159e+06
466000000 2041065.41476777 -1.50997e+06
467000000 1950640.16694618 -255200
468000000 1932527.87309101 61858
469000000 1914470.16535983 378872
470000000 1896489.60666677 695834
471000000 1878606.17956265 1.01275e+06
472000000 1860820.65308366 1.32963e+06
473000000 1845231.52164185 1.5952e+06
474000000 1834879.08509579 1.73518e+06
475000000 1824645.22715789 1.87523e+06
476000000 1814575.96900136 2.01541e+06
477000000 1804571.38464014 2.15562e+06
478000000 1794255.56472308 2.29605e+06
479000000 1783031.08885444 2.42153e+06
480000000 1769812.10651958 2.512e+06
481000000 1756623.78731348 2.60248e+06
482000000 1743488.56899294 2.69296e+06
483000000 1730428.88928704 2.78345e+06
484000000 1717450.45242602 2.87394e+06
485000000 1799671.99399934 2.91135e+06
486000000 2084092.45694891 2.83596e+06
487000000 2368572.46342095 2.76064e+06
488000000 2653098.76931238 2.6854e+06
489000000 2937657.13248154 2.61026e+06
490000000 3222230.92854788 2.53519e+06
491000000 3411158.13986011 2.5485e+06
492000000 3414402.94834023 2.7333e+06
493000000 3417554.22645012 2.91786e+06
494000000 3420680.97176796 3.10242e+06
495000000 3423806.67774902 3.287e+06
496000000 3426951.76093378 3.4716e+06
497000000 3332063.22452131 3.5737e+06
498000000 3055080.58133660 3.52258e+06
499000000 2778118.57145918 3.47151e+06
500000000 2501155.59593123 3.42049e+06
501000000 2224170.44128472 3.36955e+06
502000000 1947225.43521840 3.31875e+06
503000000 1776452.78004973 3.29746e+06
504000000 1786452.86875819 3.32633e+06
505000000 1796398.98823979 3.3552e+06
506000000 1806284.01231580 3.38406e+06
507000000 1816116.89584999 3.4129e+06
508000000 1825990.94247152 3.44164e+06
509000000 1833214.38830296 3.46715e+06
510000000 1836315.71551332 3.48761e+06
511000000 1839419.73126236 3.50806e+06
512000000 1842523.06964373 3.52852e+06
513000000 1845604.51340285 3.54898e+06
514000000 1848642.84525268 3.56946e+06
515000000 1851456.31878667 3.58834e+06
516000000 1853962.58249809 3.6048e+06
517000000 1856408.81064285 3.62123e+06
518000000 1858801.38381345 3.63762e+06
519000000 1861147.18157414 3.65393e+06
520000000 1863454.27456086 3.67017e+06
521000000 1865177.71087789 3.68511e+06
522000000 1866127.89593209 3.69831e+06
523000000 1867120.12232314 3.71145e+06
524000000 1868140.34603502 3.72456e+06
525000000 1869174.88771625 3.73763e+06
526000000 1870203.22859228 3.75068e+06
527000000 1870941.52176563 3.76207e+06
528000000 1871306.42062148 3.77137e+06
529000000 1871631.52833238 3.78063e+06
530000000 1871922.10854003 3.78986e+06
531000000 1872195.79603702 3.79901e+06
532000000 1872467.74388496 3.80807e+06
533000000 1873407.17545332 3.81721e+06
5.34e+08 1875171.50756034 3.82649e+06
5.35e+08 1877069.81044786 3.83592e+06
5.36e+08 1879027.24366728 3.84531e+06
537000000 1881041.33123670 3.85467e+06
538000000 1883121.13175930 3.864e+06
539000000 1884973.70970673 3.87279e+06
540000000 1886545.62122476 3.88095e+06
541000000 1888120.91453914 3.88907e+06
542000000 1889684.04546739 3.89716e+06
543000000 1891255.17242234 3.9052e+06
544000000 1892854.45378018 3.91318e+06
545000000 1895351.97559704 3.92013e+06
546000000 1898829.15829058 3.92597e+06
547000000 1902371.60609435 3.93174e+06
548000000 1905983.07338529 3.93746e+06
549000000 1909665.72920334 3.94317e+06
550000000 1913421.74255106 3.94888e+06
551000000 1916241.73207210 3.95526e+06
552000000 1918108.91026984 3.96228e+06
553000000 1920014.94937493 3.96931e+06
554000000 1921934.18186869 3.97634e+06
555000000 1923863.63596699 3.98336e+06
556000000 1925803.75954190 3.99038e+06
557000000 1928366.64216260 3.99706e+06
558000000 1931525.27404914 4.00343e+06
559000000 1934746.92114925 4.00979e+06
560000000 1938040.09637028 4.01612e+06
561000000 1941394.43603597 4.02247e+06
562000000 1944799.57643130 4.02885e+06
563000000 1948983.66258504 4.03569e+06
564000000 1953836.40369288 4.04295e+06
565000000 1958712.00614469 4.05026e+06
566000000 1963594.76654351 4.05762e+06
567000000 1968469.96446948 4.06502e+06
568000000 1973322.46417153 4.07243e+06
569000000 1991910.29434719 4.08841e+06
570000000 2021749.62993639 4.11139e+06
571000000 2051599.68095641 4.13438e+06
572000000 2081476.82297806 4.1574e+06
573000000 2111379.58021637 4.18043e+06
574000000 2141306.17863824 4.20348e+06
575000000 2134469.20580787 4.20525e+06
576000000 2099883.35713809 4.19099e+06
577000000 2065271.23122366 4.17681e+06
578000000 2030621.33153311 4.16269e+06
579000000 1995925.33209388 4.14861e+06
580000000 1961174.90689294 4.13456e+06
581000000 1951218.02720074 4.14502e+06
582000000 1959202.27219374 4.17324e+06
583000000 1967135.00528876 4.20144e+06
584000000 1975032.15279306 4.22965e+06
585000000 1982911.44848468 4.25786e+06
586000000 1990790.62610073 4.28607e+06
587000000 1993147.75963762 4.267e+06
588000000 1991796.96455150 4.21644e+06
589000000 1990395.76016834 4.16592e+06
590000000 1988931.55891902 4.11542e+06
591000000 1987399.72398044 4.06496e+06
592000000 1985797.44919102 4.01451e+06
593000000 1989530.87112180 4.01327e+06
594000000 1996398.61567842 4.04409e+06
595000000 2003060.78818990 4.07525e+06
596000000 2009673.57667868 4.10636e+06
597000000 2016255.64967387 4.13743e+06
598000000 2022824.28679637 4.16847e+06
599000000 2026652.51276823 4.17229e+06
600000000 2028869.10051100 4.16012e+06
601000000 2031072.88900705 4.14793e+06
602000000 2033246.09880100 4.13574e+06
603000000 2035370.95039564 4.12353e+06
604000000 2037430.26066801 4.11132e+06
605000000 2036856.26426098 4.11421e+06
606000000 2034852.61721925 4.12521e+06
607000000 2032821.47141108 4.13614e+06
608000000 2030772.90275861 4.14699e+06
609000000 2028715.40184230 4.15777e+06
610000000 2026660.16405054 4.16848e+06
611000000 2027396.86829337 4.17724e+06
612000000 2029593.84684225 4.18499e+06
613000000 2031829.21129281 4.19272e+06
614000000 2034085.01738848 4.20044e+06
615000000 2036343.90604542 4.20814e+06
616000000 2038588.51813778 4.21582e+06
617000000 2039884.84006491 4.22166e+06
618000000 2040726.71224608 4.22662e+06
619000000 2041564.39619088 4.23154e+06
620000000 2042415.39994681 4.23641e+06
621000000 2043297.23151934 4.24123e+06
622000000 2044223.73746637 4.24598e+06
623000000 2045948.37594286 4.25488e+06
624000000 2048047.91442359 4.26556e+06
625000000 2050206.09221767 4.27625e+06
626000000 2052420.61527091 4.28695e+06
627000000 2054689.08261589 4.29769e+06
628000000 2056997.39638193 4.30845e+06
629000000 2060926.43534749 4.31599e+06
630000000 2065515.37224838 4.32223e+06
631000000 2070113.38084847 4.32847e+06
632000000 2074796.82219766 4.33478e+06
633000000 2079526.12920889 4.34107e+06
634000000 2084320.72135826 4.34736e+06
635000000 2089024.82785713 4.35729e+06
636000000 2093743.92068480 4.36857e+06
637000000 2098532.72129985 4.37988e+06
638000000 2103386.18241060 4.39123e+06
639000000 2108299.25668421 4.40264e+06
640000000 2113261.48704692 4.41413e+06
641000000 2123229.78147761 4.44042e+06
642000000 2134876.39593776 4.47166e+06
643000000 2146530.28202371 4.50293e+06
644000000 2158191.52649193 4.53421e+06
645000000 2169861.90973508 4.56551e+06
646000000 2181557.76990539 4.59681e+06
647000000 2286068.95481713 4.63136e+06
648000000 2419937.15784724 4.66692e+06
649000000 2553857.52480411 4.70251e+06
650000000 2687813.69370571 4.73812e+06
651000000 2821789.30252997 4.77379e+06
652000000 2955769.81991765 4.80952e+06
653000000 2891220.45977918 4.70285e+06
654000000 2777729.21703501 4.54964e+06
655000000 2664212.07369853 4.39647e+06
656000000 2550658.26811933 4.24331e+06
657000000 2437056.35155875 4.09015e+06
658000000 2323417.07874840 3.93699e+06
659000000 2286774.47800448 3.93529e+06
660000000 2270597.79899290 3.97387e+06
661000000 2254421.05074474 4.01245e+06
662000000 2238241.25860643 4.05105e+06
663000000 2222050.32261749 4.08967e+06
664000000 2205830.45470483 4.12831e+06
665000000 2215144.42528569 4.13752e+06
666000000 2230394.26560889 4.13986e+06
667000000 2245579.88844637 4.14223e+06
668000000 2260702.57471961 4.1446e+06
669000000 2275763.60531269 4.14696e+06
670000000 2290766.96592234 4.1493e+06
671000000 2305036.73699510 4.14815e+06
672000000 2319127.32889141 4.14627e+06
673000000 2333193.54424697 4.14437e+06
674000000 2347251.48683553 4.14247e+06
675000000 2361314.72568998 4.14057e+06
676000000 2375367.71420685 4.13868e+06
677000000 2389011.78276038 4.13558e+06
678000000 2402541.53185512 4.13227e+06
679000000 2416025.55419485 4.12895e+06
680000000 2429464.65302042 4.12563e+06
681000000 2442865.69648206 4.1223e+06
682000000 2456239.40946341 4.11893e+06
683000000 2469241.44323493 4.11542e+06
684000000 2482180.14591734 4.11182e+06
685000000 2495125.69672659 4.10818e+06
686000000 2508090.51216923 4.10449e+06
687000000 2521087.46014683 4.10078e+06
688000000 2534117.92850664 4.09705e+06
689000000 2547090.11416499 4.09346e+06
690000000 2560072.07060176 4.08986e+06
691000000 2573061.83215570 4.08625e+06
692000000 2586044.97558144 4.08261e+06
693000000 2599017.32813856 4.07893e+06
694000000 2611994.09320357 4.07521e+06
695000000 2638599.97331697 4.06667e+06
696000000 2666922.74553156 4.05748e+06
697000000 2695286.50075349 4.04822e+06
698000000 2723696.90766225 4.03889e+06
699000000 2752159.00641628 4.02952e+06
700000000 2780677.74863791 4.02011e+06
701000000 2782950.30138228 4.01641e+06
702000000 2782678.41447833 4.01327e+06
703000000 2782448.66595109 4.01012e+06
704000000 2782246.15123583 4.00696e+06
705000000 2782054.26831569 4.00379e+06
706000000 2781868.87904688 4.00066e+06
707000000 2796266.38785295 4.00133e+06
708000000 2811964.41624993 4.00231e+06
709000000 2827758.07714961 4.00331e+06
710000000 2843613.45083658 4.00427e+06
711000000 2859533.77738561 4.0052e+06
712000000 2875514.58330924 4.00612e+06
713000000 2871269.09866691 4.00709e+06
714000000 2865979.22478028 4.00791e+06
715000000 2860735.40757169 4.00877e+06
716000000 2855531.31503779 4.00966e+06
717000000 2850353.90018398 4.01057e+06
718000000 2845189.60496863 4.01149e+06
719000000 2844784.02040349 4.03222e+06
720000000 2844584.12462453 4.05377e+06
721000000 2844406.32859421 4.07532e+06
722000000 2844265.32848831 4.09687e+06
723000000 2844170.69519213 4.11843e+06
724000000 2844122.31149502 4.14e+06
725000000 2868095.92113541 4.11636e+06
726000000 2892843.29367963 4.09135e+06
727000000 2917611.81825700 4.06639e+06
728000000 2942390.49780921 4.04149e+06
729000000 2967169.59224003 4.01663e+06
730000000 2991939.53844620 3.99182e+06
731000000 2967772.30800577 4.00485e+06
732000000 2943087.66465772 4.01827e+06
733000000 2918379.86355501 4.0317e+06
734000000 2893654.44994170 4.04512e+06
735000000 2868924.51312631 4.05855e+06
736000000 2844429.94801878 4.07205e+06
737000000 2842410.52879062 4.09279e+06
738000000 2840396.71090729 4.11354e+06
739000000 2838372.70600679 4.13431e+06
740000000 2836322.72571225 4.15512e+06
741000000 2834237.04657684 4.17596e+06
742000000 2832543.37796272 4.19583e+06
743000000 2852049.25342893 4.16674e+06
744000000 2871506.82106904 4.13765e+06
745000000 2890913.45565182 4.10853e+06
746000000 2910268.92300441 4.07938e+06
747000000 2929586.55926987 4.05021e+06
748000000 2947893.99895674 4.02343e+06
749000000 2942538.83469141 4.05475e+06
750000000 2937175.11197562 4.08606e+06
751000000 2931802.14027888 4.11736e+06
752000000 2926410.00748679 4.14866e+06
753000000 2920984.30863291 4.17995e+06
754000000 2918689.58035641 4.2109e+06
755000000 2966141.86723531 4.23647e+06
756000000 3013545.10519165 4.26203e+06
757000000 3060906.64875928 4.28754e+06
758000000 3108233.85246571 4.313e+06
759000000 3155533.44234190 4.33839e+06
760000000 3195085.80574125 4.36048e+06
761000000 3131979.32698430 4.33943e+06
762000000 3068874.48600296 4.31834e+06
763000000 3005782.87560228 4.29721e+06
764000000 2942718.77771778 4.27605e+06
765000000 2879666.56439258 4.25484e+06
766000000 2822459.47560055 4.23695e+06
767000000 2824456.38223058 4.25295e+06
768000000 2826427.60185621 4.26892e+06
769000000 2828373.85779907 4.28484e+06
770000000 2830306.20908187 4.30071e+06
771000000 2832236.40154055 4.31651e+06
772000000 2827816.44214060 4.32717e+06
773000000 2820129.06790001 4.33121e+06
774000000 2812464.79008522 4.33519e+06
775000000 2804828.87153808 4.33913e+06
776000000 2797225.60570506 4.34304e+06
777000000 2789652.24734470 4.34693e+06
778000000 2780921.31637775 4.351e+06
779000000 2763521.33681745 4.35651e+06
780000000 2746121.43468902 4.362e+06
781000000 2728708.46177594 4.36746e+06
782000000 2711287.71301733 4.37289e+06
783000000 2693873.46904584 4.37828e+06
784000000 2676848.30654682 4.38369e+06
785000000 2662117.61383741 4.38942e+06
786000000 2647422.40181679 4.39511e+06
787000000 2632765.17845339 4.40078e+06
788000000 2618144.94532694 4.40644e+06
789000000 2603560.70402738 4.41212e+06
790000000 2589145.86662771 4.41859e+06
791000000 2575518.64623962 4.42949e+06
792000000 2561906.10097244 4.4404e+06
793000000 2548296.96528631 4.45133e+06
794000000 2534685.22930399 4.46227e+06
795000000 2521101.88940779 4.47324e+06
796000000 2541399.07179462 4.48932e+06
797000000 2727038.64968570 4.53021e+06
798000000 2912710.32009059 4.5711e+06
799000000 3098427.84357971 4.612e+06
800000000 3284184.30933755 4.65292e+06
801000000 3469971.43293977 4.69387e+06
802000000 3579428.86491569 4.71852e+06
803000000 3363401.22661630 4.67353e+06
804000000 3147384.38412835 4.62858e+06
805000000 2931371.52549610 4.58369e+06
806000000 2715354.00221992 4.53883e+06
807000000 2499322.86955608 4.49399e+06
808000000 2332242.72817767 4.46046e+06
809000000 2361041.66761321 4.47216e+06
810000000 2389843.78100892 4.48387e+06
811000000 2418661.15947888 4.49559e+06
812000000 2447496.67258560 4.50733e+06
813000000 2476348.69707194 4.51909e+06
814000000 2502892.34545559 4.54535e+06
815000000 2521217.98463849 4.62297e+06
816000000 2539527.00581911 4.70063e+06
817000000 2557808.70628631 4.77833e+06
818000000 2576059.39615212 4.85606e+06
819000000 2594275.38555554 4.93379e+06
820000000 2567723.98768093 4.98646e+06
821000000 2391389.91475386 4.95521e+06
822000000 2215019.30381272 4.92394e+06
823000000 2038579.32451733 4.89285e+06
824000000 1862112.36205003 4.86181e+06
825000000 1685638.95384547 4.83076e+06
826000000 1569082.55475950 4.85626e+06
827000000 1632271.15121788 5.05146e+06
828000000 1695428.84171849 5.24666e+06
829000000 1758542.05756754 5.44186e+06
830000000 1821607.56580541 5.63707e+06
831000000 1895145.37878068 5.83546e+06
832000000 2195877.30536587 5.83825e+06
833000000 3020981.63613782 5.28471e+06
834000000 3846044.41493441 4.73112e+06
835000000 4671072.33493927 4.17748e+06
836000000 5496076.27433887 3.6238e+06
837000000 6321066.78627261 3.07008e+06
838000000 6643938.91995971 2.84756e+06
839000000 5675655.20257449 3.47675e+06
840000000 4707368.53569957 4.10591e+06
841000000 3739067.58506098 4.73506e+06
842000000 2770741.00261583 5.36418e+06
843000000 1802377.44036098 5.99328e+06
844000000 1590665.89914586 5.97674e+06
845000000 3144533.14984516 4.45374e+06
846000000 4698385.89648494 2.93068e+06
847000000 6252233.62913083 1.40756e+06
848000000 7806082.33149237 -115626
849000000 9359938.22627348 -1.63887e+06
850000000 10093160.8313268 -2.38066e+06
851000000 9082528.79163771 -1.46181e+06
852000000 8071927.34932695 -542973
853000000 7061350.40207916 375841
854000000 6050786.79668677 1.29463e+06
855000000 5040225.37998793 2.2134e+06
856000000 4336984.84305569 2.87466e+06
857000000 4257704.90127661 3.01311e+06
858000000 4178425.10781483 3.15153e+06
859000000 4099157.37691012 3.28991e+06
860000000 4019913.62285022 3.42824e+06
861000000 3940705.75997130 3.56652e+06
862000000 3858974.62266699 3.71123e+06
863000000 3772525.40575244 3.86791e+06
864000000 3686115.14355743 4.02459e+06
865000000 3599742.60150216 4.18128e+06
866000000 3513404.63873089 4.33797e+06
867000000 3427094.71600493 4.49466e+06
868000000 3569470.66250274 4.40808e+06
869000000 4101207.63854164 3.90726e+06
870000000 4632939.21055817 3.40643e+06
871000000 5164677.41010406 2.90559e+06
872000000 5696434.29640057 2.40474e+06
873000000 6228221.92872248 1.90388e+06
874000000 6450563.47378296 1.73025e+06
875000000 6167997.58005564 2.09056e+06
876000000 5885466.67307853 2.45086e+06
877000000 5602964.99980568 2.81119e+06
878000000 5320486.80724658 3.17156e+06
879000000 5038025.86456339 3.53196e+06
880000000 5007483.29228275 3.77223e+06
881000000 5354804.61723867 3.83229e+06
882000000 5702110.32725230 3.89255e+06
883000000 6049402.68548969 3.95282e+06
884000000 6396681.78117103 4.01309e+06
885000000 6743954.51731511 4.07338e+06
886000000 6838615.63060786 4.15e+06
887000000 6569771.07328120 4.25012e+06
888000000 6300945.57569088 4.35025e+06
889000000 6032127.83785575 4.45041e+06
890000000 5763306.55985427 4.55059e+06
891000000 5475493.96576051 4.63694e+06
892000000 5611695.53483422 4.8731e+06
893000000 6313052.67535020 5.31008e+06
894000000 7014377.56268768 5.74709e+06
895000000 7715664.83361062 6.18411e+06
896000000 8416909.13656686 6.62113e+06
897000000 9118111.19720923 7.05814e+06
898000000 9045001.72359873 7.0721e+06
899000000 8025528.92390073 6.56898e+06
900000000 7006044.93499200 6.06587e+06
901000000 5986548.51829731 5.56276e+06
902000000 4967038.42149621 5.05966e+06
903000000 3947504.00686788 4.55657e+06
904000000 3713648.21967420 4.24205e+06
905000000 4402105.65498024 4.14891e+06
906000000 5090512.00756009 4.05578e+06
907000000 5778869.79837173 3.96265e+06
908000000 6467181.54843755 3.8695e+06
909000000 7155450.01779610 3.77632e+06
910000000 7282623.64223245 3.80706e+06
911000000 6801952.48902081 3.97206e+06
912000000 6321256.86226589 4.13703e+06
913000000 5840546.56377090 4.30198e+06
914000000 5359831.39540462 4.46691e+06
915000000 4879107.53162023 4.63182e+06
916000000 4629684.53843466 4.77675e+06
917000000 4611551.63321703 4.9017e+06
918000000 4593380.54766794 5.02664e+06
919000000 4575171.34021079 5.15155e+06
920000000 4556925.36771254 5.27643e+06
921000000 4538649.43074365 5.40127e+06
922000000 4523066.77324992 5.5871e+06
923000000 4510077.66874704 5.83151e+06
924000000 4497078.70950727 6.07586e+06
925000000 4484076.53415360 6.32016e+06
926000000 4471077.59280493 6.56443e+06
927000000 4458084.96824646 6.80866e+06
928000000 4404547.53082906 7.47216e+06
929000000 4315051.85011426 8.50745e+06
930000000 4225547.90684958 9.54271e+06
931000000 4136026.53165022 1.05779e+07
932000000 4046478.55519926 1.16132e+07
933000000 3956913.57917504 1.26483e+07
934000000 4198814.43523986 1.12519e+07
935000000 4723085.26968940 7.78415e+06
936000000 5247368.64724521 4.31634e+06
937000000 5771668.69437198 848485
938000000 6295989.46461749 -2.61939e+06
939000000 6820334.92517807 -6.08728e+06
940000000 6922464.57116339 -6.86547e+06
941000000 6692851.83387821 -5.53013e+06
942000000 6463264.10876058 -4.19478e+06
943000000 6233694.43799537 -2.85943e+06
944000000 6004135.86383582 -1.52407e+06
945000000 5774588.24234423 -188712
946000000 5597561.73010838 603535
947000000 5458579.16807507 1.00249e+06
948000000 5319628.73204971 1.40144e+06
949000000 5180720.77924502 1.80039e+06
950000000 5075136.81098743 2.20673e+06
951000000 4996820.08565069 2.61915e+06
952000000 5275915.33922679 2.46873e+06
953000000 5803391.92327267 1.9272e+06
954000000 6330906.39095177 1.3857e+06
955000000 6858455.81088970 844212
956000000 7386032.02158853 302738
957000000 7913624.86525264 -238731
958000000 8020938.27012256 -247280
959000000 7859545.63403282 84884.3
960000000 7698159.63629982 417038
961000000 7536785.56500326 749178
962000000 7375428.70829035 1.08131e+06
963000000 7214084.96891203 1.41342e+06
964000000 7149716.53577329 1.61616e+06
965000000 7142296.30113558 1.74293e+06
966000000 7134865.71004087 1.8697e+06
967000000 7127415.09347809 1.99649e+06
968000000 7119934.92847323 2.12329e+06
969000000 7112415.86495847 2.2501e+06
970000000 7149696.05617997 2.3387e+06
971000000 7212145.67275513 2.4058e+06
972000000 7274534.13108871 2.4729e+06
973000000 7336857.54402053 2.53999e+06
974000000 7399122.62019693 2.60708e+06
975000000 7461336.19268311 2.67417e+06
976000000 7492316.23173358 2.7017e+06
977000000 7507183.15015449 2.70885e+06
978000000 7521996.72663563 2.71603e+06
979000000 7536749.74996533 2.72323e+06
980000000 7551436.30737379 2.73047e+06
981000000 7566055.92979262 2.73774e+06
982000000 7606065.41098188 2.79613e+06
983000000 7657986.49735539 2.87858e+06
984000000 7709838.42418225 2.96105e+06
985000000 7761620.50243028 3.04352e+06
986000000 7813342.17152683 3.12601e+06
987000000 7865016.96535496 3.20851e+06
988000000 7985638.30616020 3.1356e+06
989000000 8137228.34210523 2.99289e+06
990000000 8288801.96863462 2.85019e+06
991000000 8440362.29225939 2.70751e+06
992000000 8591904.36187141 2.56485e+06
993000000 8743423.22642451 2.42221e+06
994000000 8815548.60188199 2.46225e+06
995000000 8855232.32176300 2.5769e+06
996000000 8894895.93380884 2.69156e+06
997000000 8934544.15964548 2.8062e+06
998000000 8974181.64797450 2.92081e+06
999000000 9013764.67312550 3.03637e+06
1000000000 9071821.31252252 3.11007e+06
1.001e+09 9137115.73479573 3.16728e+06
1002000000 9202433.09780113 3.22447e+06
1.003e+09 9267784.42930213 3.28163e+06
1004000000 9333159.56564003 3.33876e+06
1.005e+09 9398548.09450856 3.39587e+06
1006000000 9493056.19017945 3.38063e+06
1.007e+09 9600039.53767317 3.33437e+06
1008000000 9707016.21004715 3.28809e+06
1.009e+09 9762504.38520624 3.27409e+06
1010000000 9612049.68376468 3.38935e+06
1.011e+09 9461598.27418867 3.50454e+06
1012000000 9218903.89350531 3.72738e+06
1.013e+09 8953160.13726553 3.97708e+06
1014000000 8687435.12085000 4.22675e+06
1.015e+09 8421734.64748944 4.47638e+06
1016000000 8156058.45089554 4.72599e+06
1.017e+09 7890404.69671207 4.97559e+06
1018000000 7976904.74984028 5.02003e+06
1.019e+09 8151441.33895974 5.01318e+06
1020000000 8325967.19280372 5.00632e+06
1.021e+09 8500475.51847541 4.99945e+06
1022000000 8674975.63849422 4.99257e+06
1.023e+09 8849476.87543221 4.98566e+06
1024000000 8706028.55191417 5.38883e+06
1.025e+09 8483105.85183378 5.89449e+06
1026000000 8260203.26170629 6.40014e+06
1.027e+09 8037323.21326877 6.90579e+06
1028000000 7814467.57318556 7.41145e+06
1.029e+09 7591638.22528558 7.91713e+06
1030000000 7117725.77695400 7.93522e+06
1.031e+09 6581048.81061423 7.83143e+06
1032000000 6044372.86276657 7.72767e+06
1.033e+09 5507686.86996002 7.62392e+06
1034000000 4970990.36453353 7.5202e+06
1.035e+09 4434283.00322709 7.41649e+06
1036000000 4216209.86222754 7.56892e+06
1.037e+09 4077804.85313310 7.7854e+06
1038000000 3939419.62092288 8.00188e+06
1.039e+09 3801056.37978778 8.21837e+06
1040000000 3662709.65398788 8.43488e+06
1.041e+09 3524373.96782934 8.65143e+06
1042000000 3355282.64191490 8.85116e+06
1.043e+09 3178500.68291305 9.04672e+06
1044000000 3001712.36984724 9.24233e+06
1.045e+09 2824907.59744438 9.43797e+06
1046000000 2648075.75591195 9.63364e+06
1.047e+09 2471206.52382320 9.82932e+06
1048000000 2328156.78308348 1.00589e+07
1.049e+09 2188844.99610311 1.02923e+07
1050000000 2049520.20443113 1.05257e+07
1.051e+09 1910190.22179993 1.0759e+07
1052000000 1770854.80430239 1.09924e+07
1.053e+09 1631512.06418526 1.12259e+07
1054000000 1390848.73519043 1.13568e+07
1.055e+09 1138903.55110020 1.14764e+07
1056000000 886923.245737237 1.15961e+07
1.057e+09 634902.662622802 1.17157e+07
1058000000 382483.694531221 1.1845e+07
1059000000 129977.163738864 1.19754e+07
1060000000 -49302.4690756172 1.21788e+07
1061000000 -220487.687512553 1.23904e+07
1062000000 -391714.981637092 1.2602e+07
1063000000 -562972.686969958 1.28135e+07
1064000000 -734249.138994816 1.30251e+07
1065000000 -905532.673159002 1.32366e+07
1066000000 -1083457.03033677 1.34453e+07
1067000000 -1262142.92209504 1.36536e+07
1.068e+09 -1440864.22663198 1.3862e+07
1069000000 -1423782.73521827 1.3778e+07
1.07e+09 -1384984.14762862 1.36616e+07
1071000000 -1346229.16098979 1.35452e+07
1.072e+09 -1258870.78163061 1.34809e+07
1073000000 -1166147.01584667 1.34224e+07
1074000000 -1073460.27386456 1.33638e+07
1075000000 -980799.564183810 1.33052e+07
1076000000 -888154.202386203 1.32466e+07
1077000000 -795513.273686277 1.31879e+07
1078000000 -756601.825081233 1.32246e+07
1079000000 -723660.124559524 1.3272e+07
1080000000 -690724.043952741 1.33193e+07
1081000000 -657803.890490741 1.33666e+07
1082000000 -624909.971373898 1.34139e+07
1083000000 -592049.305998729 1.34613e+07
1084000000 -549663.422177750 1.30441e+07
1085000000 -507295.316621713 1.26269e+07
1086000000 -464937.251550254 1.22097e+07
1087000000 -422583.543985016 1.17924e+07
1088000000 -380229.076044558 1.13751e+07
1089000000 -337866.570743300 1.09578e+07
1090000000 -413944.812956286 1.06128e+07
1091000000 -489999.443199377 1.02678e+07
1092000000 -566028.387876982 9.92285e+06
1093000000 -642042.215716314 9.57786e+06
1094000000 -718051.495419870 9.23287e+06
1095000000 -794066.795665981 8.88787e+06
1096000000 -813737.065710766 8.77385e+06
1097000000 -833413.686089515 8.65982e+06
1098000000 -853088.459452450 8.54578e+06
1099000000 -872751.741690899 8.43172e+06
1100000000 -892393.888673894 8.31764e+06
1101000000 -912008.876218933 8.20353e+06
1102000000 -866302.316137481 8.12559e+06
1103000000 -820565.486886549 8.04766e+06
1104000000 -774796.872332268 7.96975e+06
1105000000 -728999.378033417 7.89186e+06
1106000000 -683176.092005405 7.81399e+06
1107000000 -637338.358367233 7.73615e+06
1108000000 -605299.211044090 7.59948e+06
1109000000 -573268.683942380 7.46282e+06
1110000000 -541245.798118387 7.32617e+06
1111000000 -509220.517313288 7.18953e+06
1112000000 -477182.805250614 7.05289e+06
1113000000 -445124.269523994 6.91625e+06
1114000000 -387586.896256154 6.79831e+06
1115000000 -330027.255339881 6.68037e+06
1116000000 -271487.469556515 6.55159e+06
1117000000 -209085.387870731 6.37938e+06
1118000000 -146673.817534731 6.20721e+06
1119000000 -88946.8054417453 6.03041e+06
1120000000 -73407.1204483201 5.8115e+06
1121000000 -57885.7212512012 5.59263e+06
1122000000 -42389.4910336845 5.37377e+06
1123000000 -26893.3366273032 5.15497e+06
1124000000 -11420.2963030606 4.93618e+06
1125000000 6827.03600448321 4.72058e+06
1126000000 50158.1152749803 4.53361e+06
1127000000 93497.1631669669 4.34666e+06
1128000000 129894.842497673 4.23442e+06
1129000000 159341.573950654 4.19692e+06
1130000000 188774.584953469 4.15946e+06
1131000000 217356.849665324 4.12418e+06
1132000000 238439.085263623 4.10823e+06
1133000000 259492.346488617 4.09232e+06
1134000000 280510.684427930 4.07644e+06
1135000000 301488.592393461 4.06057e+06
1136000000 322420.523504847 4.0447e+06
1137000000 343566.170819212 4.03052e+06
1138000000 366924.990386151 4.03152e+06
1139000000 390272.221596766 4.03253e+06
1140000000 413613.197434064 4.03353e+06
1141000000 436948.722240040 4.03454e+06
1142000000 460273.996042069 4.03556e+06
1143000000 481043.254081424 4.03821e+06
1144000000 478961.881605876 4.05537e+06
1145000000 476840.781442617 4.07256e+06
1146000000 474680.286034920 4.08975e+06
1147000000 472480.727831651 4.10694e+06
1148000000 470242.439286964 4.1241e+06
1149000000 477217.170946353 4.10954e+06
1150000000 567397.641457474 3.80973e+06
1151000000 657552.706444664 3.50988e+06
1152000000 747692.994418336 3.21001e+06
1153000000 837829.133892787 2.91012e+06
1154000000 927966.360104308 2.61021e+06
1155000000 1027064.09764388 2.33227e+06
1156000000 1206878.51404337 2.25216e+06
1157000000 1386659.40113081 2.17204e+06
1158000000 1566403.13142364 2.09191e+06
1159000000 1746107.52417740 2.01177e+06
1160000000 1925776.51084245 1.9316e+06
1161000000 2042282.88203445 1.87627e+06
1162000000 1906233.57526284 1.92032e+06
1163000000 1770167.15547516 1.96433e+06
1164000000 1634093.00047451 2.00831e+06
1165000000 1498019.30833292 2.05227e+06
1166000000 1361954.76289428 2.09621e+06
1167000000 1253717.34546538 2.13119e+06
1168000000 1256760.18086062 2.13028e+06
1169000000 1259803.16229835 2.12937e+06
1170000000 1262835.86309812 2.12848e+06
1171000000 1265847.85657833 2.12758e+06
1172000000 1268839.92469941 2.12669e+06
1173000000 1277367.34567281 2.12512e+06
1174000000 1308072.73104138 2.12085e+06
1175000000 1337008.03316836 2.13862e+06
1176000000 1363287.38563828 2.18945e+06
1177000000 1389593.67086142 2.24027e+06
1178000000 1415931.47627039 2.29109e+06
1179000000 1499288.49578229 2.36696e+06
1180000000 1810615.54366908 2.54296e+06
1181000000 2121978.21475093 2.719e+06
1182000000 2433366.03208477 2.89507e+06
1183000000 2744768.51872322 3.07116e+06
1184000000 3056177.89435565 3.24726e+06
1185000000 3341741.76562934 3.32953e+06
1186000000 3523903.55894482 3.03639e+06
1187000000 3704255.47326827 2.74429e+06
1188000000 3877315.70761087 2.45634e+06
1189000000 4050419.46080342 2.16838e+06
1190000000 4223565.70738541 1.88042e+06
1191000000 4272619.90695268 1.67599e+06
1192000000 3825187.63208903 1.80559e+06
1193000000 3377783.57776956 1.93523e+06
1194000000 2930402.33830227 2.06491e+06
1195000000 2483035.42225695 2.19462e+06
1196000000 2035671.53059146 2.32436e+06
1197000000 1712580.77951126 2.40612e+06
1198000000 1679460.42363270 2.37587e+06
1199000000 1646328.32482309 2.34563e+06
1200000000 1613194.28699806 2.31539e+06
1201000000 1580068.11406555 2.28516e+06
1202000000 1546954.00560382 2.25494e+06
1203000000 1516945.89639012 2.25065e+06
1204000000 1494165.84478617 2.30687e+06
1205000000 1471382.39862978 2.36312e+06
1206000000 1448586.12241681 2.4194e+06
1207000000 1425767.71787423 2.47574e+06
1208000000 1402921.44942336 2.53211e+06
1209000000 1434047.67932873 2.56223e+06
1210000000 1591147.27736250 2.53102e+06
1211000000 1748205.83862637 2.49981e+06
1212000000 1905224.96075912 2.46862e+06
1213000000 2062211.64220092 2.43742e+06
1214000000 2219176.96066792 2.40624e+06
1215000000 2330416.14386610 2.39976e+06
1216000000 2334982.16330913 2.45094e+06
1217000000 2339535.22874219 2.50214e+06
1218000000 2344065.23323325 2.55337e+06
1219000000 2348562.06983967 2.60462e+06
1220000000 2353021.74380087 2.65591e+06
1221000000 2351870.04606291 2.71621e+06
1222000000 2337677.31084231 2.79751e+06
1223000000 2323445.67155064 2.87882e+06
1224000000 2309176.04073351 2.96011e+06
1225000000 2294871.25076056 3.04138e+06
1226000000 2280542.13238940 3.12264e+06
1227000000 2253546.96551847 3.21575e+06
1228000000 2197026.51308515 3.33652e+06
1229000000 2140504.65952690 3.45729e+06
1230000000 2083981.68406031 3.57806e+06
1231000000 2027448.79327281 3.69883e+06
1232000000 1970895.40094683 3.8196e+06
1233000000 2054385.65531562 3.87616e+06
1234000000 2345769.22539007 3.82816e+06
1235000000 2636188.03408973 3.77662e+06
1236000000 2926584.06342710 3.72505e+06
1237000000 3216963.09901320 3.67345e+06
1238000000 3507329.66014161 3.6218e+06
1239000000 3527409.73795386 3.62769e+06
1240000000 3142071.33964288 3.7199e+06
1241000000 2756740.91582384 3.81209e+06
1242000000 2371426.91709813 3.90427e+06
1243000000 1986126.99243138 3.99645e+06
1244000000 1600830.63220374 4.08862e+06
1245000000 1668709.99344860 3.97022e+06
1246000000 2416347.71960982 3.53596e+06
1247000000 3161271.28508679 3.10285e+06
1248000000 3905880.52669215 2.66986e+06
1249000000 4650485.25576677 2.23686e+06
1250000000 5395095.43827771 1.80382e+06
1251000000 5540474.37351051 1.46738e+06
1252000000 4787004.94084019 1.27585e+06
1253000000 4033562.33456624 1.08431e+06
1254000000 3280151.46306704 892776
1255000000 2526774.51253204 701258
1256000000 1773430.92132921 509756
1257000000 1334213.89294215 458921
1258000000 1366161.26987302 619072
1259000000 1398120.53520814 779236
1260000000 1430100.24511226 939429
1261000000 1462088.03298570 1.09962e+06
1262000000 1494095.47208991 1.25982e+06
1263000000 1519457.59329832 1.38286e+06
1264000000 1534844.10558162 1.45018e+06
1265000000 1550273.17545881 1.5175e+06
1266000000 1565745.83769237 1.58481e+06
1267000000 1581259.10445121 1.65213e+06
1268000000 1596810.65231833 1.71948e+06
1269000000 1606111.58806444 1.77207e+06
1270000000 1609149.84630459 1.8099e+06
1271000000 1612199.65062233 1.84774e+06
1272000000 1615249.31921826 1.88558e+06
1273000000 1618292.57108854 1.92343e+06
1274000000 1621327.20449927 1.96128e+06
1275000000 1631234.44172213 2.00395e+06
1276000000 1648023.30276600 2.05145e+06
1277000000 1664824.97429051 2.09894e+06
1278000000 1681646.49366927 2.14643e+06
1279000000 1698477.11412972 2.19392e+06
1280000000 1715306.08888327 2.24143e+06
1281000000 1727735.50445852 2.24445e+06
1282000000 1735756.49064953 2.20299e+06
1283000000 1743748.52155453 2.16158e+06
1284000000 1751703.60524704 2.12021e+06
1285000000 1759613.74554972 2.07886e+06
1286000000 1767471.20130252 2.03752e+06
1287000000 1765097.78440300 2.0241e+06
1288000000 1752504.94533130 2.03859e+06
1289000000 1739879.05121784 2.0531e+06
1290000000 1727231.55251002 2.06763e+06
1291000000 1714564.82702178 2.08219e+06
1292000000 1701879.45975807 2.09678e+06
1293000000 1697368.26523034 2.11981e+06
1294000000 1697692.43933331 2.15233e+06
1295000000 1697971.66133526 2.18491e+06
1296000000 1698200.99685166 2.21756e+06
1297000000 1698383.55663770 2.25024e+06
1298000000 1698521.20176752 2.28298e+06
1299000000 1719178.68784804 2.2866e+06
1300000000 1760363.86769397 2.2611e+06
1301000000 1801523.26814832 2.2356e+06
1302000000 1842669.07340983 2.21012e+06
1303000000 1883814.01569304 2.18466e+06
1304000000 1924970.82719575 2.15922e+06
1305000000 2049811.04177383 2.20668e+06
1306000000 2229886.26836588 2.30304e+06
1307000000 2409405.54851820 2.39973e+06
1308000000 2588910.10579290 2.49643e+06
1309000000 2768400.11212210 2.59315e+06
1310000000 2947875.92991338 2.68987e+06
1311000000 2881323.54538089 2.68603e+06
1312000000 2650756.67805521 2.61511e+06
1313000000 2420189.97272987 2.54421e+06
1314000000 2189634.30015847 2.47329e+06
1315000000 1959097.28048655 2.40233e+06
1316000000 1728585.03182964 2.33135e+06
1317000000 1633997.03741599 2.30422e+06
1318000000 1630031.28615791 2.30631e+06
1319000000 1626085.89859716 2.30839e+06
1320000000 1622149.12544480 2.31044e+06
1321000000 1618209.21739511 2.31248e+06
1322000000 1614254.42512563 2.31448e+06
1323000000 1614129.70703144 2.32678e+06
1324000000 1616563.22513086 2.34592e+06
1325000000 1619002.74142551 2.36501e+06
1326000000 1621454.49971843 2.38405e+06
1327000000 1623920.72121778 2.40305e+06
1328000000 1626426.63305358 2.42212e+06
1329000000 1646694.08647131 2.42207e+06
1330000000 1678808.09601066 2.40928e+06
1331000000 1710942.52809629 2.39649e+06
1332000000 1743089.26263979 2.3837e+06
1333000000 1775239.08347140 2.37091e+06
1334000000 1807382.77440465 2.35811e+06
1335000000 1832470.57772114 2.343e+06
1336000000 1852853.20971011 2.32634e+06
1337000000 1873233.80799328 2.30968e+06
1338000000 1893623.07416580 2.29301e+06
1339000000 1914031.70980624 2.27632e+06
1340000000 1934470.03549204 2.25963e+06
1341000000 1944246.44504167 2.26366e+06
1342000000 1949466.45655082 2.27658e+06
1343000000 1954688.00516614 2.28913e+06
1344000000 1959929.34611102 2.30171e+06
1345000000 1965188.28624139 2.31433e+06
1346000000 1970460.02685067 2.32698e+06
1347000000 1966452.21617788 2.34803e+06
1348000000 1958464.00244562 2.37269e+06
1349000000 1950470.70390061 2.39736e+06
1350000000 1942482.01173462 2.42205e+06
1351000000 1934476.96407049 2.44653e+06
1352000000 1926424.38133064 2.47051e+06
1353000000 1928830.05791328 2.49899e+06
1354000000 1935732.19592445 2.52941e+06
1355000000 1942654.80093215 2.55985e+06
1356000000 1949590.86230980 2.59032e+06
1357000000 1956533.36941469 2.62084e+06
1358000000 1963285.09953177 2.65137e+06
1359000000 1960100.41916005 2.66689e+06
1360000000 1952649.02704187 2.67599e+06
1361000000 1945181.88857017 2.68511e+06
1362000000 1937698.49570332 2.69424e+06
1363000000 1930198.88841605 2.70338e+06
1364000000 1922689.48224540 2.71254e+06
1365000000 1936744.60045463 2.79674e+06
1366000000 1960060.00282046 2.91345e+06
1367000000 1983381.50002153 3.03017e+06
1368000000 2006699.47152817 3.14692e+06
1369000000 2030004.29679487 3.26369e+06
1370000000 2053286.54575259 3.3805e+06
1371000000 2087179.32456909 3.23025e+06
1372000000 2125663.26870437 2.96567e+06
1373000000 2164669.97483752 2.70197e+06
1374000000 2203645.29920638 2.43828e+06
1375000000 2242587.88044926 2.17458e+06
1376000000 2281501.56828096 1.91088e+06
1377000000 2381392.89474785 2.05206e+06
1378000000 2496520.88340618 2.29446e+06
1379000000 2611642.51091204 2.53687e+06
1380000000 2726757.46149310 2.77928e+06
1381000000 2841864.66019187 3.0217e+06
1382000000 2956955.34660230 3.26413e+06
1383000000 2883798.09363642 3.10725e+06
1384000000 2763551.14085748 2.85055e+06
1385000000 2643270.45419045 2.59385e+06
1386000000 2522960.36523505 2.33715e+06
1387000000 2402755.11617971 2.08059e+06
1388000000 2283048.50923030 1.82463e+06
1389000000 2195629.67880802 1.86454e+06
1390000000 2116273.91598327 1.9784e+06
1391000000 2036912.13854003 2.09224e+06
1392000000 1957551.59758066 2.20607e+06
1393000000 1878199.54419243 2.31989e+06
1394000000 1798850.47829112 2.4337e+06
1395000000 1900184.18748924 2.47079e+06
1396000000 2046676.45938457 2.4887e+06
1397000000 2193150.79217459 2.50659e+06
1398000000 2339607.66950090 2.52448e+06
1399000000 2486050.01351083 2.54234e+06
1400000000 2632485.17302028 2.56019e+06
1401000000 2587133.83016391 2.48332e+06
1402000000 2496992.09345995 2.38398e+06
1403000000 2414209.17521017 2.28751e+06
1404000000 2331442.02820640 2.19102e+06
1405000000 2248694.71126620 2.09452e+06
1406000000 2165968.67764663 1.99801e+06
1407000000 2134636.79421899 2.03839e+06
1408000000 2116164.83729456 2.11298e+06
1409000000 2097701.61635836 2.18756e+06
1410000000 2079260.42152240 2.26209e+06
1411000000 2060834.94724945 2.33656e+06
1412000000 2042413.14487963 2.41101e+06
1413000000 2028042.22343096 2.44352e+06
1414000000 2014710.44968796 2.46552e+06
1415000000 2001405.01385222 2.48751e+06
1416000000 1988128.43514854 2.50949e+06
1417000000 1965137.27677617 2.52218e+06
1418000000 1927559.28460635 2.52094e+06
1419000000 2202620.95417225 2.3686e+06
1420000000 2512444.89080522 2.19949e+06
1421000000 2822288.94354024 2.03039e+06
1422000000 3132145.41337622 1.86132e+06
1423000000 3442006.60129808 1.69225e+06
1424000000 3751871.18385565 1.52319e+06
1425000000 3536729.23509833 1.61925e+06
1426000000 3263481.69398899 1.7448e+06
1427000000 2990252.06532778 1.87036e+06
1428000000 2717048.60707644 1.99593e+06
1429000000 2443874.70014279 2.1215e+06
1430000000 2170724.87205420 2.24708e+06
1431000000 2110124.45032496 2.36945e+06
1432000000 2079147.48437978 2.50232e+06
1433000000 2054175.54309578 2.64606e+06
1434000000 2029209.01031943 2.78984e+06
1435000000 2004241.55456536 2.93365e+06
1436000000 1979266.52152352 3.07749e+06
1437000000 2139081.15687081 2.72414e+06
1438000000 2319415.72069581 2.31557e+06
1439000000 2499744.24003112 1.90701e+06
1440000000 2680074.50856316 1.49846e+06
1441000000 2860413.56079556 1.08993e+06
1442000000 3040760.74578615 681418
1443000000 2963198.08107034 818556
1444000000 2856977.50175548 1.01635e+06
1445000000 2750748.67626959 1.21417e+06
1446000000 2644503.80636132 1.41203e+06
1447000000 2538740.10511889 1.6081e+06
1448000000 2433287.71957475 1.80299e+06
1449000000 2410403.01939703 1.85987e+06
1450000000 2396667.83019882 1.90142e+06
1451000000 2382906.31334900 1.94298e+06
1452000000 2369120.68429054 1.98454e+06
1453000000 2355318.78329871 2.02609e+06
1454000000 2341508.45063653 2.06766e+06
1455000000 2381313.65649829 2.09211e+06
1456000000 2421113.72219863 2.11657e+06
1457000000 2460900.03731934 2.14104e+06
1458000000 2500663.99143018 2.16552e+06
1459000000 2540399.41260920 2.19002e+06
1460000000 2580104.55560584 2.21453e+06
1461000000 2561885.32605857 2.28868e+06
1462000000 2543649.41888874 2.36237e+06
1463000000 2525391.33661211 2.43585e+06
1464000000 2507107.38710172 2.5093e+06
1465000000 2488804.30214493 2.58273e+06
1466000000 2470489.45914032 2.65614e+06
1467000000 2441243.40214155 2.5042e+06
1468000000 2411996.81797825 2.35225e+06
1469000000 2382716.59252830 2.20012e+06
1470000000 2353424.51126020 2.04795e+06
1471000000 2324121.07304731 1.89577e+06
1472000000 2294798.45988615 1.74359e+06
1473000000 2501751.11678092 1.80229e+06
1474000000 2708683.52022186 1.86098e+06
1475000000 2915602.14668775 1.91964e+06
1476000000 3122513.47264628 1.97828e+06
1477000000 3329411.04673008 2.03669e+06
1478000000 3536307.22709243 2.09502e+06
1479000000 3399852.89510986 2.10907e+06
1480000000 3263410.60275336 2.1231e+06
1481000000 3126986.06864966 2.13712e+06
1482000000 2990583.01058625 2.15114e+06
1483000000 2854193.89665044 2.16516e+06
1484000000 2723702.30799022 2.17687e+06
1485000000 2699921.27828089 2.25539e+06
1486000000 2676137.79138601 2.3339e+06
1487000000 2652352.54067196 2.4124e+06
1488000000 2628571.16108623 2.49088e+06
1489000000 2604801.59596192 2.56935e+06
1490000000 2582386.55783052 2.62281e+06
1491000000 2572010.17520770 2.45148e+06
1492000000 2561651.23599670 2.28005e+06
1493000000 2551317.71540125 2.10858e+06
1494000000 2541012.94163479 1.93713e+06
1495000000 2530735.41550119 1.76569e+06
1496000000 2522707.66498245 1.61709e+06
1497000000 2534717.71459710 1.67403e+06
1498000000 2546738.50847809 1.73098e+06
1499000000 2558762.14074819 1.78793e+06
1500000000 2570787.34243160 1.84489e+06
1501000000 2582822.15024804 1.90184e+06
1502000000 2595879.15090722 1.95519e+06
1503000000 2618002.64959931 1.97609e+06
1504000000 2640152.58575594 1.99698e+06
1505000000 2662329.84879879 2.01788e+06
1506000000 2684531.50326081 2.03879e+06
1507000000 2706746.67971152 2.05967e+06
1508000000 2731673.97325208 2.07858e+06
1509000000 2780868.13239312 2.07945e+06
1510000000 2830068.36699733 2.08034e+06
1511000000 2879267.83691777 2.08127e+06
1512000000 2928460.70241203 2.08221e+06
1513000000 2977646.74857285 2.08316e+06
1514000000 3019945.15425942 2.08402e+06
1515000000 3000313.72604545 2.08393e+06
1516000000 2980691.23716193 2.08385e+06
1517000000 2961085.36083050 2.08378e+06
1518000000 2941493.88707982 2.08373e+06
1519000000 2921909.98913691 2.08371e+06
1520000000 2904092.48711224 2.07923e+06
1521000000 2902160.71359000 2.03436e+06
1522000000 2900214.69035669 1.98949e+06
1523000000 2898256.57853602 1.94465e+06
1524000000 2896281.70106402 1.89984e+06
1525000000 2894285.38086774 1.85503e+06
1526000000 2909777.81374662 1.81626e+06
1527000000 2995306.91304993 1.80159e+06
1528000000 3080805.19692583 1.7869e+06
1529000000 3166297.57191757 1.77221e+06
1530000000 3251788.21010943 1.75753e+06
1531000000 3337276.63072408 1.74286e+06
1532000000 3398064.40447789 1.73788e+06
1533000000 3360057.47264397 1.77166e+06
1534000000 3322028.64315353 1.80545e+06
1535000000 3283969.65726262 1.83927e+06
1536000000 3245879.71403030 1.87309e+06
1537000000 3207757.09786413 1.90689e+06
1538000000 3180377.48958376 1.933e+06
1539000000 3196064.12209411 1.92839e+06
1540000000 3211722.12708512 1.92376e+06
1541000000 3227356.12767589 1.91912e+06
1542000000 3242973.98515309 1.91446e+06
1543000000 3230337.86876479 1.9107e+06
1544000000 3104954.24280479 1.91345e+06
1545000000 2980508.76032418 1.92756e+06
1546000000 2856045.77291083 1.94166e+06
1547000000 2731557.36547784 1.95576e+06
1548000000 2607040.56452225 1.96986e+06
1549000000 2482494.70492930 1.98396e+06
1550000000 2356955.44145076 2.00117e+06
1551000000 2227524.89733666 2.03079e+06
1552000000 2098071.53766375 2.06037e+06
1553000000 1968607.05775298 2.08993e+06
1554000000 1839138.98229519 2.11946e+06
1555000000 1709674.83597346 2.14898e+06
1556000000 1584641.28301138 2.15768e+06
1557000000 1477298.31326758 2.08314e+06
1558000000 1369970.80938180 2.0086e+06
1559000000 1262653.86215954 1.93406e+06
1560000000 1155340.36250693 1.85952e+06
1561000000 1048023.20132258 1.78498e+06
1562000000 932530.373837863 1.74305e+06
1563000000 797976.647705174 1.77723e+06
1564000000 663434.408083844 1.81138e+06
1565000000 528912.101707736 1.84551e+06
1566000000 394414.147068942 1.87961e+06
1567000000 259944.680376555 1.91368e+06
1568000000 127010.555258225 1.94337e+06
1569000000 -2381.02416245242 1.96286e+06
1570000000 -131733.303768831 1.98237e+06
1571000000 -261048.795659478 2.00187e+06
1572000000 -390336.488291586 2.02138e+06
1573000000 -519605.370129373 2.04089e+06
1574000000 -644785.402534646 2.04465e+06
1575000000 -760439.819152185 2.01167e+06
1576000000 -876085.918609158 1.97867e+06
1577000000 -991716.256519648 1.94566e+06
1578000000 -1107323.38850437 1.91263e+06
1579000000 -1222899.87019086 1.87959e+06
1580000000 -1341123.08029524 1.86462e+06
1581000000 -1465568.11810976 1.89186e+06
1582000000 -1589990.21190401 1.9191e+06
1583000000 -1714392.23584097 1.94636e+06
1584000000 -1838779.16669816 1.97364e+06
1585000000 -1963154.87528496 2.00094e+06
1586000000 -2093721.26871957 2.02413e+06
1587000000 -2238774.81820494 2.03768e+06
1588000000 -2383845.62788988 2.05123e+06
1589000000 -2528929.93739088 2.06479e+06
1590000000 -2674019.58654644 2.07835e+06
1591000000 -2819106.41520151 2.09192e+06
1592000000 -2947989.93283473 2.08385e+06
1593000000 -3039076.40763114 2.02525e+06
1594000000 -3130155.56875090 1.96668e+06
1595000000 -3221233.43559353 1.90813e+06
1596000000 -3312316.75575244 1.84962e+06
1597000000 -3403411.54863924 1.79116e+06
1598000000 -3515053.19199742 1.77096e+06
1599000000 -3657511.62029508 1.80811e+06
1600000000 -3799993.08213037 1.84528e+06
1601000000 -3942498.63241018 1.88248e+06
1602000000 -4085026.08787121 1.91969e+06
1603000000 -4040605.89157487 1.93566e+06
1604000000 -3944489.73191277 1.93603e+06
1605000000 -3840665.09750542 1.921e+06
1606000000 -3736829.66332453 1.906e+06
1607000000 -3632991.25705392 1.89102e+06
1608000000 -3529157.70638316 1.87607e+06
1609000000 -3425336.83900723 1.86115e+06
1610000000 -3317175.16275241 1.84572e+06
1611000000 -3202496.73733796 1.82949e+06
1612000000 -3087839.41119937 1.81329e+06
1613000000 -2973202.95890641 1.79709e+06
1614000000 -2858587.65468534 1.78088e+06
1615000000 -2743992.65762332 1.76467e+06
1616000000 -2633548.24960231 1.7502e+06
1617000000 -2529315.74584281 1.73837e+06
1618000000 -2425080.59490396 1.72653e+06
1619000000 -2320841.49536874 1.71469e+06
1620000000 -2216599.34571737 1.70285e+06
1621000000 -2112360.38306254 1.691e+06
1622000000 -1992158.52641626 1.69382e+06
1623000000 -1848015.16146223 1.71864e+06
1624000000 -1703898.04144256 1.74345e+06
1625000000 -1559803.21552207 1.76825e+06
1626000000 -1415727.28406532 1.79303e+06
1627000000 -1271666.11251547 1.81777e+06
1628000000 -1142877.39413447 1.82786e+06
1629000000 -1036988.74798569 1.816e+06
1630000000 -931103.010347540 1.80411e+06
1631000000 -825214.103730562 1.7922e+06
1632000000 -719315.950650167 1.78028e+06
1633000000 -613408.219955508 1.76834e+06
1634000000 -504065.657844940 1.64429e+06
1635000000 -391296.343854745 1.40813e+06
1636000000 -278541.622501574 1.17196e+06
1637000000 -165801.028619988 935771
1638000000 -53074.0970492075 699568
1639000000 59645.9563316682 463343
1640000000 147699.177433825 371063
1641000000 211092.215072343 422718
1642000000 274497.613322538 474341
1643000000 337918.820960668 525943
1644000000 401359.045147823 577534
1645000000 464833.374991591 629066
1646000000 549120.658292576 651532
1647000000 654211.390401639 644971
1648000000 759314.467386941 638412
1649000000 864422.535312466 631852
1650000000 969528.240237937 625290
1651000000 1074634.90547372 618723
1652000000 1181444.66811428 605580
1653000000 1289966.08191671 585860
1654000000 1398512.36774393 566127
1655000000 1507085.67774713 546386
1656000000 1615686.99803782 526636
1657000000 1724315.82715368 506892
1658000000 1836053.47313616 487571
1659000000 1950899.02377681 468683
1660000000 2065764.45128339 449819
1661000000 2180642.58364805 430975
1662000000 2232679.78985643 424955
1663000000 2221871.77105759 431756
1664000000 2205435.07211676 435426
1665000000 2183372.20831628 435965
1666000000 2161320.70819555 436511
1667000000 2139288.27966880 437063
1668000000 2117282.63064656 437622
1669000000 2095298.83110664 438194
1670000000 2081461.97884580 435158
1671000000 2073055.46045265 429729
1672000000 2064654.45027777 424336
1673000000 2056255.22312148 418977
1674000000 2047853.05476213 413649
1675000000 2039442.14860542 408345
1676000000 2024232.80805358 410123
1677000000 2004481.44838107 416619
1678000000 1984718.06944641 423125
1679000000 1964950.07110479 429642
1680000000 1945184.85320806 436171
1681000000 1925424.47697739 442714
1682000000 1913582.58840318 454820
1683000000 1907016.31779704 470644
1684000000 1900441.89258540 486492
1685000000 1893851.67352487 502371
1686000000 1887238.72793669 518279
1687000000 1880602.07546000 534209
1688000000 1877799.10552950 549565
1689000000 1877542.00757681 564532
1690000000 1877259.18715369 579496
1691000000 1876952.26358146 594454
1692000000 1876627.19420552 609408
1693000000 1876291.52217994 624360
1694000000 1846379.69065583 622403
1695000000 1796751.72517740 609175
1696000000 1747114.96600736 595953
1697000000 1697461.35340551 582739
1698000000 1647782.82762880 569533
1699000000 1598077.64789593 556334
1700000000 1569513.65356217 530116
1701000000 1555036.22475817 495209
1702000000 1540535.70605882 460287
1703000000 1526014.80713694 425340
1704000000 1511771.56050890 390473
1705000000 1497551.86233651 355596
1706000000 1492873.31844021 357960
1707000000 1494561.04844177 385152
1708000000 1496252.87090955 412336
1709000000 1497948.92192341 439512
1710000000 1499641.79767070 466681
1711000000 1501324.07619694 493843
1712000000 1468897.77989543 494002
1713000000 1421844.30233864 482580
1714000000 1374780.63014845 471139
1715000000 1327713.39905709 459672
1716000000 1280648.40090635 448173
1717000000 1233589.77083823 436643
1718000000 1208820.42481942 435024
1719000000 1193613.99466366 437644
1720000000 1178426.84334900 440253
1721000000 1162794.90081702 441297
1722000000 1142789.00283600 428486
1723000000 1122795.52938460 415673
1724000000 1097311.40292086 408898
1725000000 1069472.39036923 404706
1726000000 1041634.33895790 400507
1727000000 1013799.67906487 396297
1728000000 985976.224649189 392074
1729000000 958171.789667778 387832
1730000000 945928.295154828 365438
1731000000 940369.657547007 335258
1732000000 934838.479157805 305076
1733000000 929334.529928414 274900
1734000000 923856.639839903 244739
1735000000 918402.566502131 214594
1736000000 898456.329349091 189728
1737000000 872302.932576212 167130
1738000000 846154.280376908 144541
1739000000 820002.976942700 121957
1740000000 793856.706243066 99376.5
1741000000 767723.188524127 76799.5
1742000000 747064.020018813 67639.9
1743000000 728766.171395612 64233.2
1744000000 710492.902247168 60833
1745000000 692242.045168090 57445.1
1746000000 674009.065962252 54078.6
1747000000 655790.323671117 50743.2
1748000000 637745.313778319 37855.8
1749000000 619745.133044422 22601.9
1750000000 601742.844329941 7371.57
1751000000 583732.493544545 -7842.24
1752000000 565712.464623303 -23042.9
1753000000 547682.727311287 -38232.2
1754000000 530380.311258692 -43202.5
1755000000 513263.239900049 -45609.3
1756000000 496155.670001541 -48004.2
1757000000 479060.984690488 -50385.2
1758000000 461971.799926140 -52746.7
1759000000 444880.731666186 -55082.9
1760000000 421452.767231412 -104551
1761000000 396428.853958600 -165779
1762000000 371199.804471304 -227006
1763000000 345196.670825633 -288327
1764000000 319170.773395027 -349637
1765000000 293119.026073226 -410944
1766000000 267506.019100190 -412220
1767000000 241991.273187719 -398488
1768000000 216466.109046153 -384754
1769000000 190937.747384482 -371015
1770000000 165405.869020346 -357269
1771000000 139870.136630755 -343517
1772000000 144278.821787723 -342929
1773000000 156157.582165843 -345622
1774000000 168009.808771675 -348300
1775000000 179829.548036515 -350965
1776000000 191618.746420126 -353628
1777000000 203382.679240095 -356299
1778000000 169027.006620848 -375455
1779000000 123136.291275187 -398738
1780000000 77231.9228810784 -422039
1781000000 197097.870222569 -475410
1782000000 358404.401018783 -536303
1783000000 519714.975791392 -597204
1784000000 685208.827696417 -637155
1785000000 851161.502316759 -674784
1786000000 1017100.97856769 -712417
1787000000 1183021.78884851 -750055
1788000000 1348923.84914082 -787701
1789000000 1514808.13553698 -825359
1790000000 1701352.81079514 -908453
1791000000 1890297.92693400 -996647
1792000000 2079241.63328683 -1.08488e+06
1793000000 2268188.94663580 -1.17314e+06
1794000000 2457144.76979836 -1.26142e+06
1795000000 2646114.00559101 -1.34972e+06
1796000000 2829155.46865528 -1.39242e+06
1797000000 3011552.50839528 -1.43007e+06
1798000000 3193963.10109855 -1.46772e+06
1799000000 3376380.13469990 -1.50537e+06
1800000000 3558796.49713306 -1.54303e+06
1801000000 3741205.07633098 -1.5807e+06
1802000000 3934374.97576615 -1.65757e+06
1803000000 4128747.22670263 -1.7388e+06
1804000000 4323133.69373677 -1.82006e+06
1805000000 4517112.66585413 -1.90125e+06
1806000000 4710930.91095053 -1.98242e+06
1807000000 4904773.58710283 -2.0636e+06
1808000000 5104452.41569314 -2.10626e+06
1809000000 5304804.20143628 -2.14463e+06
1810000000 5505184.32660113 -2.18299e+06
1811000000 5705585.66089495 -2.22134e+06
1812000000 5906001.07402413 -2.25968e+06
1813000000 6106423.43569442 -2.29802e+06
1814000000 6270155.95969832 -2.33884e+06
1815000000 6429816.05756842 -2.37994e+06
1816000000 6589485.38536256 -2.42104e+06
1817000000 6749171.48484513 -2.46213e+06
1818000000 6908881.89777965 -2.50324e+06
1819000000 7068622.04570518 -2.54434e+06
1820000000 7248953.33827112 -2.60297e+06
1821000000 7429536.86534145 -2.66147e+06
1822000000 7610399.93848386 -2.71976e+06
1823000000 7791278.82282161 -2.77803e+06
1824000000 7972170.25860563 -2.83627e+06
1825000000 8153068.56692398 -2.89449e+06
1826000000 8338496.30405261 -2.94251e+06
1827000000 8523917.69293368 -2.99053e+06
1828000000 8709330.56940615 -3.03853e+06
1829000000 8894742.04601250 -3.08652e+06
1830000000 9080159.23529445 -3.13451e+06
1831000000 9265589.24979336 -3.18248e+06
1832000000 9465227.67761289 -3.21668e+06
1833000000 9664878.89296022 -3.25088e+06
1834000000 9864537.41196119 -3.28505e+06
1835000000 10064201.4816452 -3.31919e+06
1836000000 10263860.6334034 -3.35331e+06
1837000000 10463509.2498741 -3.38738e+06
1838000000 10665809.7282232 -3.47578e+06
1839000000 10868092.4656162 -3.56416e+06
1840000000 10940764.7711561 -3.58108e+06
1841000000 10819025.2633644 -3.49084e+06
1842000000 10697266.0606724 -3.40058e+06
1843000000 10575494.1700251 -3.31033e+06
1844000000 10418161.6801692 -3.14369e+06
1845000000 10260830.6798505 -2.97705e+06
1846000000 10103499.5145253 -2.8104e+06
1847000000 9946160.43620098 -2.64374e+06
1848000000 9788805.69688487 -2.47705e+06
1849000000 9631428.60869568 -2.31035e+06
1850000000 9480240.22176661 -2.20182e+06
1851000000 9329025.35859585 -2.09328e+06
1852000000 9177784.23834455 -1.98473e+06
1853000000 9026517.08017339 -1.87619e+06
1854000000 8875224.10324285 -1.76767e+06
1855000000 8730198.66164791 -1.65952e+06
1856000000 8641754.04871059 -1.55456e+06
1857000000 8553302.51537964 -1.44961e+06
1858000000 8464848.75897968 -1.34466e+06
1859000000 8376392.83848300 -1.23972e+06
1860000000 8287932.96450375 -1.13478e+06
1861000000 8189453.19245101 -1.02688e+06
1862000000 8000876.79440028 -892271
1863000000 7812274.65909340 -757660
1864000000 7623649.95058496 -623057
1865000000 7435007.89683864 -488469
1866000000 7246353.00357281 -353906
1867000000 7062962.81097616 -219959
1868000000 6927027.09164878 -91335
1869000000 6791090.71026210 37262
1870000000 6655159.53188303 165839
1871000000 6519239.42157813 294404
1872000000 6383336.24441390 422962
1873000000 6246371.38089941 551856
1874000000 6099762.98127388 683827
1875000000 5953150.92910957 815789
1876000000 5806532.67962345 947741
1877000000 5659908.73475626 1.07968e+06
1878000000 5513282.94715514 1.21161e+06
1879000000 5367391.45906415 1.34324e+06
1880000000 5227851.93195931 1.47301e+06
1881000000 5088235.47062596 1.60299e+06
1882000000 4948639.61929634 1.73295e+06
1883000000 4809066.49409342 1.86289e+06
1884000000 4669518.21114016 1.99284e+06
1885000000 4529883.59253816 2.12164e+06
1886000000 4389274.40489973 2.24009e+06
1887000000 4248683.50703977 2.35854e+06
1888000000 4108103.85202334 2.477e+06
1889000000 3967528.39291536 2.59546e+06
1890000000 3826953.77949659 2.71392e+06
1891000000 3686550.72167467 2.83485e+06
1892000000 3546816.16212569 2.96569e+06
1893000000 3407105.22883626 3.09652e+06
1894000000 3267420.33854676 3.22735e+06
1895000000 3127763.05400195 3.35817e+06
1896000000 2988132.22881137 3.489e+06
1897000000 2849665.81977558 3.62085e+06
1898000000 2715781.31702859 3.75676e+06
1899000000 2595218.12197397 3.87865e+06
1900000000 2594451.03487583 3.87417e+06
1901000000 2593690.10378911 3.86972e+06
1902000000 2592928.80057991 3.86528e+06
1903000000 2588711.70605953 3.85737e+06
1904000000 2570673.08284090 3.83558e+06
1905000000 2552640.11877002 3.81379e+06
1906000000 2534619.80241064 3.79201e+06
1907000000 2516619.12232646 3.77024e+06
1908000000 2498638.36566847 3.74848e+06
1909000000 2483590.47871186 3.72688e+06
1910000000 2480226.20766473 3.70591e+06
1911000000 2476864.29064227 3.68496e+06
1912000000 2473501.20255149 3.66405e+06
1913000000 2470133.35012096 3.64317e+06
1914000000 2466755.79961184 3.62231e+06
1915000000 2463677.15061869 3.60429e+06
1916000000 2461833.06940281 3.59757e+06
1917000000 2459972.04968439 3.59086e+06
1918000000 2458100.78255905 3.58415e+06
1919000000 2456225.95912254 3.57745e+06
1920000000 2454352.42211273 3.57076e+06
1921000000 2452013.86668996 3.56471e+06
1922000000 2447811.43137025 3.56117e+06
1923000000 2443600.53110483 3.55764e+06
1924000000 2439373.92419471 3.55414e+06
1925000000 2435124.34585375 3.55066e+06
1926000000 2430849.65238533 3.54719e+06
1927000000 2428720.92691203 3.53948e+06
1928000000 2431633.15707628 3.52181e+06
1929000000 2434519.28954150 3.50414e+06
1930000000 2437381.05300520 3.48646e+06
1931000000 2440221.86603344 3.46876e+06
1932000000 2443048.84593508 3.45107e+06
1933000000 2438150.81001911 3.4349e+06
1934000000 2415243.80892794 3.4223e+06
1935000000 2392331.27617129 3.40971e+06
1936000000 2369406.07715701 3.39712e+06
1937000000 2346461.07729312 3.38453e+06
1938000000 2323492.49269420 3.37194e+06
1939000000 2315434.36632240 3.34939e+06
1940000000 2328567.50711708 3.31949e+06
1941000000 2341681.02540167 3.28957e+06
1942000000 2354778.37355791 3.25964e+06
1943000000 2367863.14032464 3.22967e+06
1944000000 2380941.59537589 3.19968e+06
1945000000 2390283.95838580 3.17702e+06
1946000000 2390915.09902873 3.17149e+06
1947000000 2391554.95658314 3.16596e+06
1948000000 2392203.98830666 3.16042e+06
1949000000 2392858.48729881 3.15487e+06
1950000000 2393511.71759202 3.14931e+06
1951000000 2391111.59321892 3.14147e+06
1952000000 2381593.32200967 3.12828e+06
1953000000 2372069.30214467 3.11509e+06
1954000000 2362546.12278884 3.10187e+06
1955000000 2353030.36290599 3.08863e+06
1956000000 2343525.99219057 3.07535e+06
1957000000 2338099.84140504 3.0563e+06
1958000000 2342173.51480148 3.02381e+06
1959000000 2348715.45333812 2.99945e+06
1960000000 2355889.18132543 2.97713e+06
1961000000 2363088.47365419 2.9548e+06
1962000000 2370306.15370844 2.93247e+06
1963000000 2395314.14091767 2.93515e+06
1964000000 2446994.80668898 2.97535e+06
1965000000 2498678.85557241 3.01554e+06
1966000000 2550366.23690374 3.05573e+06
1967000000 2602062.92706697 3.0959e+06
1968000000 2653776.01475880 3.13606e+06
1969000000 2659921.74733379 3.13689e+06
1970000000 2597708.16323474 3.07871e+06
1971000000 2535520.33701859 3.02054e+06
1972000000 2473357.12552436 2.96236e+06
1973000000 2411217.31741291 2.90421e+06
1974000000 2349098.36087779 2.84607e+06
1975000000 2339989.30411284 2.77434e+06
1976000000 2410378.90470076 2.68222e+06
1977000000 2480772.61403841 2.59012e+06
1978000000 2551163.28352298 2.49802e+06
1979000000 2621552.09286842 2.40594e+06
1980000000 2691946.27992360 2.31385e+06
1981000000 2714159.21587090 2.27292e+06
1982000000 2664099.99999432 2.30872e+06
1983000000 2614060.01140316 2.34453e+06
1984000000 2564039.18384800 2.38035e+06
1985000000 2514033.09606787 2.41619e+06
1986000000 2464037.28160467 2.45206e+06
1987000000 2429840.11806863 2.46897e+06
1988000000 2419333.05473550 2.45743e+06
1989000000 2408821.60693187 2.4459e+06
1990000000 2398300.58998463 2.4344e+06
1991000000 2387766.50908935 2.42291e+06
1992000000 2377219.56818450 2.41143e+06
1993000000 2374702.16761419 2.40438e+06
1994000000 2384241.64734372 2.40396e+06
1995000000 2393784.28067210 2.40355e+06
1996000000 2403345.27613209 2.40316e+06
