0 	 0.00000000000000 	 780451432
1000000 	 9409006.65708427 	 1.49222e+07
2000000 	 6726345.36363444 	 1.20882e+07
3000000 	 5529501.03089225 	 1.08452e+07
4000000 	 4803197.60288928 	 1.00999e+07
5000000 	 4310097.58417388 	 9.59927e+06
6000000 	 3950677.72483673 	 9.23832e+06
7000000 	 3666422.93350737 	 8.96824e+06
8000000 	 3439776.52103707 	 8.75792e+06
9000000 	 3260518.62699501 	 8.59222e+06
10000000 	 3155401.38652195 	 8.47527e+06
11000000 	 3076068.44772593 	 8.38471e+06
12000000 	 3013777.66301196 	 8.31167e+06
13000000 	 2963583.50450397 	 8.25133e+06
14000000 	 2924197.13618270 	 8.20218e+06
15000000 	 2898438.61904141 	 8.16689e+06
16000000 	 2877013.85405475 	 8.13631e+06
17000000 	 2866632.36939547 	 8.11698e+06
18000000 	 2832799.33853254 	 8.0308e+06
19000000 	 2735918.02403314 	 7.76158e+06
20000000 	 2639482.62822024 	 7.4929e+06
21000000 	 2551896.17939113 	 7.23305e+06
22000000 	 2464319.73056201 	 6.9732e+06
23000000 	 2381545.88732883 	 6.71825e+06
24000000 	 2301812.23282658 	 6.46639e+06
25000000 	 2222052.70306317 	 6.21445e+06
26000000 	 2148019.58176544 	 5.96848e+06
27000000 	 2084269.94810383 	 5.86481e+06
28000000 	 2034910.31444221 	 5.97533e+06
29000000 	 1990071.04695271 	 6.09045e+06
30000000 	 1946243.82058325 	 6.2066e+06
31000000 	 1902309.46482304 	 6.32265e+06
32000000 	 1860128.39978580 	 6.44057e+06
33000000 	 1820844.68254804 	 6.56144e+06
34000000 	 1781550.96531028 	 6.6822e+06
35000000 	 1742259.24807252 	 6.80297e+06
36000000 	 1744881.45729900 	 6.8714e+06
37000000 	 1784658.53812454 	 6.89347e+06
38000000 	 1824435.61895008 	 6.91553e+06
39000000 	 1864212.69977562 	 6.9376e+06
40000000 	 1904602.48420601 	 6.9604e+06
41000000 	 1947664.29309956 	 6.98583e+06
42000000 	 1990715.51522841 	 7.01126e+06
43000000 	 2033762.17706313 	 7.0367e+06
44000000 	 2076808.83889786 	 7.06214e+06
45000000 	 2072526.30607993 	 7.04772e+06
46000000 	 2045577.54449210 	 7.01447e+06
47000000 	 2018618.78290426 	 6.98122e+06
48000000 	 1991649.60357051 	 6.94798e+06
49000000 	 1964687.62855253 	 6.91465e+06
50000000 	 1937715.65353455 	 6.88142e+06
51000000 	 1912808.26847306 	 6.85026e+06
52000000 	 1888179.75538072 	 6.81939e+06
53000000 	 1863541.24228839 	 6.78852e+06
54000000 	 1815442.43021333 	 6.88025e+06
55000000 	 1761311.88322493 	 7.0034e+06
56000000 	 1707181.33623653 	 7.12654e+06
57000000 	 1654558.73172728 	 7.25122e+06
58000000 	 1602396.77805369 	 7.37638e+06
59000000 	 1550224.68704251 	 7.50154e+06
60000000 	 1497949.22434119 	 7.62679e+06
61000000 	 1445578.30413944 	 7.7522e+06
62000000 	 1393207.38393770 	 7.87752e+06
63000000 	 1607026.46373596 	 8.05823e+06
64000000 	 1842836.41123312 	 8.24476e+06
65000000 	 2078815.74291069 	 8.43134e+06
66000000 	 2314824.75645196 	 8.61803e+06
6.7e+07 	 2550722.31083171 	 8.80473e+06
68000000 	 2786719.86521147 	 8.99143e+06
69000000 	 3022717.41959122 	 9.17813e+06
70000000 	 3258714.97397098 	 9.36473e+06
71000000 	 3505899.53652929 	 9.52842e+06
72000000 	 3923096.96164142 	 9.33444e+06
73000000 	 4340193.69284003 	 9.14048e+06
74000000 	 4757390.42403864 	 8.94652e+06
75000000 	 5174480.79485278 	 8.75259e+06
76000000 	 5591663.13604129 	 8.55879e+06
77000000 	 6008745.47722979 	 8.3649e+06
78000000 	 6425927.41099851 	 8.17101e+06
79000000 	 6843007.83039557 	 7.97713e+06
80000000 	 7188157.13773242 	 7.72102e+06
81000000 	 7231217.25367233 	 7.20362e+06
82000000 	 7274377.36961223 	 6.68621e+06
83000000 	 7317437.48555214 	 6.16891e+06
84000000 	 7360597.27612103 	 5.65151e+06
85000000 	 7403655.96499508 	 5.13412e+06
86000000 	 7446814.65386913 	 4.61673e+06
87000000 	 7489873.34274317 	 4.09935e+06
88000000 	 7533032.03161722 	 3.58196e+06
89000000 	 7440490.72049127 	 3.15294e+06
90000000 	 7069018.02857749 	 2.90716e+06
91000000 	 6697676.43199168 	 2.66153e+06
92000000 	 6326234.83540587 	 2.41589e+06
93000000 	 5954893.23882007 	 2.17027e+06
94000000 	 5583551.64223426 	 1.92464e+06
95000000 	 5212210.04564845 	 1.67901e+06
96000000 	 4840768.17316341 	 1.43339e+06
97000000 	 4469425.51949242 	 1.18778e+06
98000000 	 4157482.86582143 	 1.12334e+06
99000000 	 3915640.21215044 	 1.27243e+06
100000000 	 3673697.55847945 	 1.42151e+06
101000000 	 3432591.38304475 	 1.57143e+06
102000000 	 3191584.90268552 	 1.72136e+06
103000000 	 2950477.63823466 	 1.8713e+06
104000000 	 2709470.37378380 	 2.02123e+06
105000000 	 2468363.90507343 	 2.17119e+06
106000000 	 2227257.92407496 	 2.32116e+06
107000000 	 2152951.94307650 	 2.44411e+06
108000000 	 2193745.51934069 	 2.54843e+06
109000000 	 2234538.01166175 	 2.65277e+06
110000000 	 2275230.50398281 	 2.75711e+06
111000000 	 2316022.99630387 	 2.86145e+06
112000000 	 2356815.48862492 	 2.96579e+06
113000000 	 2398070.05641090 	 3.07066e+06
114000000 	 2439564.52617348 	 3.17577e+06
115000000 	 2480957.62285913 	 3.2808e+06
116000000 	 2490750.71954478 	 3.26533e+06
117000000 	 2488343.81623044 	 3.20386e+06
118000000 	 2485936.33961126 	 3.14239e+06
119000000 	 2483522.09745575 	 3.08106e+06
120000000 	 2481086.89679474 	 3.01974e+06
121000000 	 2478647.68727121 	 2.95846e+06
122000000 	 2476308.47774768 	 2.89719e+06
123000000 	 2473869.26822416 	 2.83591e+06
124000000 	 2471430.05870063 	 2.77464e+06
125000000 	 2387390.84917710 	 2.7754e+06
126000000 	 2289716.07458136 	 2.7866e+06
127000000 	 2192665.98729262 	 2.79835e+06
128000000 	 2095615.90000389 	 2.81008e+06
129000000 	 1998465.81271516 	 2.82182e+06
130000000 	 1901405.72542643 	 2.83356e+06
131000000 	 1804315.63813769 	 2.8453e+06
132000000 	 1707224.53947772 	 2.85706e+06
133000000 	 1610121.64282444 	 2.86881e+06
1.34e+08 	 1604168.74617116 	 2.9384e+06
135000000 	 1599162.38699475 	 3.00864e+06
136000000 	 1594152.66218756 	 3.07894e+06
137000000 	 1589132.93738037 	 3.14924e+06
138000000 	 1584122.95409612 	 3.21945e+06
139000000 	 1579102.54908614 	 3.28977e+06
140000000 	 1574092.14407616 	 3.36009e+06
141000000 	 1569071.73906617 	 3.43032e+06
142000000 	 1568715.32577241 	 3.49011e+06
143000000 	 1599253.57638404 	 3.47133e+06
144000000 	 1629789.73792694 	 3.45265e+06
145000000 	 1660322.63195206 	 3.43389e+06
146000000 	 1690845.52597719 	 3.41523e+06
147000000 	 1721378.42000232 	 3.39646e+06
148000000 	 1751901.31402745 	 3.3777e+06
149000000 	 1782434.20805258 	 3.35904e+06
150000000 	 1812943.16483626 	 3.34039e+06
151000000 	 1824257.75948396 	 3.32038e+06
152000000 	 1779512.35413167 	 3.29616e+06
153000000 	 1734756.94877937 	 3.27194e+06
154000000 	 1690001.54342708 	 3.24762e+06
155000000 	 1645256.13807478 	 3.22341e+06
156000000 	 1600498.42156286 	 3.1991e+06
157000000 	 1555737.51344955 	 3.1749e+06
158000000 	 1510986.60533625 	 3.1506e+06
159000000 	 1466438.79152157 	 3.12662e+06
160000000 	 1430355.71536636 	 3.12885e+06
161000000 	 1407312.63921115 	 3.17217e+06
162000000 	 1384266.84800577 	 3.21561e+06
163000000 	 1361217.60128200 	 3.25895e+06
164000000 	 1338168.35455823 	 3.3024e+06
165000000 	 1315088.55129522 	 3.34596e+06
166000000 	 1291997.49370626 	 3.38963e+06
167000000 	 1268906.43611730 	 3.4332e+06
168000000 	 1245810.18131503 	 3.47678e+06
169000000 	 1252017.82543628 	 3.50266e+06
170000000 	 1285265.46955752 	 3.51225e+06
171000000 	 1318513.11367877 	 3.52174e+06
172000000 	 1351760.75780001 	 3.53122e+06
173000000 	 1385008.40192126 	 3.54071e+06
174000000 	 1418236.60389757 	 3.5503e+06
175000000 	 1451464.15834874 	 3.55979e+06
176000000 	 1484691.71279991 	 3.56928e+06
177000000 	 1517917.93495856 	 3.57889e+06
178000000 	 1522953.81149820 	 3.56355e+06
179000000 	 1513271.91679900 	 3.53539e+06
180000000 	 1503512.72468058 	 3.50766e+06
181000000 	 1493718.59543842 	 3.47991e+06
182000000 	 1483934.46619626 	 3.45207e+06
183000000 	 1474140.33695410 	 3.42432e+06
184000000 	 1464356.20771194 	 3.39657e+06
185000000 	 1454562.07846978 	 3.36883e+06
186000000 	 1444480.86580597 	 3.34094e+06
187000000 	 1417144.22005078 	 3.35183e+06
188000000 	 1385177.57429559 	 3.37331e+06
189000000 	 1353210.92854040 	 3.39489e+06
190000000 	 1321244.28278521 	 3.41637e+06
191000000 	 1289277.63703002 	 3.43785e+06
192000000 	 1256259.43029639 	 3.45971e+06
193000000 	 1222260.55189035 	 3.48173e+06
194000000 	 1188258.72579819 	 3.50394e+06
195000000 	 1154183.52948471 	 3.52736e+06
196000000 	 1166078.33317122 	 3.55558e+06
197000000 	 1182073.13685774 	 3.58429e+06
198000000 	 1201804.08240275 	 3.6144e+06
199000000 	 1224699.14879020 	 3.64568e+06
200000000 	 1247733.32709068 	 3.67701e+06
201000000 	 1270924.37627181 	 3.70859e+06
202000000 	 1294115.42545294 	 3.74017e+06
203000000 	 1317306.47463407 	 3.77175e+06
204000000 	 1337649.92280794 	 3.79876e+06
205000000 	 1348208.97015770 	 3.77851e+06
206000000 	 1358758.01750746 	 3.75816e+06
207000000 	 1369317.06485722 	 3.73791e+06
208000000 	 1379876.11220698 	 3.71765e+06
209000000 	 1390609.94828913 	 3.69889e+06
210000000 	 1401970.31775408 	 3.68543e+06
211000000 	 1413354.35160030 	 3.67242e+06
212000000 	 1424728.38544652 	 3.65941e+06
213000000 	 1428902.41929274 	 3.6498e+06
214000000 	 1400946.45313895 	 3.65529e+06
215000000 	 1372990.48698517 	 3.66078e+06
216000000 	 1345125.53902420 	 3.66634e+06
217000000 	 1317306.89184128 	 3.67214e+06
218000000 	 1289488.24465836 	 3.67793e+06
219000000 	 1261679.59747543 	 3.68372e+06
220000000 	 1233860.95029251 	 3.68951e+06
221000000 	 1206042.30310959 	 3.6953e+06
222000000 	 1187647.45517960 	 3.71034e+06
223000000 	 1189651.80675158 	 3.74522e+06
224000000 	 1201806.06265012 	 3.76397e+06
225000000 	 1234688.88884927 	 3.75013e+06
226000000 	 1267571.71504842 	 3.73629e+06
227000000 	 1300464.54124756 	 3.72245e+06
228000000 	 1333360.53467079 	 3.70864e+06
229000000 	 1366274.59832813 	 3.69486e+06
230000000 	 1399178.66198547 	 3.68107e+06
231000000 	 1441382.72564281 	 3.65139e+06
232000000 	 1495016.78930015 	 3.602e+06
233000000 	 1548640.85295748 	 3.55271e+06
234000000 	 1602276.73565548 	 3.50336e+06
235000000 	 1655913.45000927 	 3.45403e+06
236000000 	 1709538.22753350 	 3.40481e+06
237000000 	 1763173.00505773 	 3.35549e+06
238000000 	 1816828.52895877 	 3.30629e+06
239000000 	 1846663.64489660 	 3.28048e+06
240000000 	 1821287.83709168 	 3.28352e+06
241000000 	 1780811.91242533 	 3.28307e+06
242000000 	 1740345.98775898 	 3.28252e+06
243000000 	 1699880.06309263 	 3.28197e+06
244000000 	 1659404.13842628 	 3.28142e+06
245000000 	 1618938.21375993 	 3.28088e+06
246000000 	 1578470.94461197 	 3.28047e+06
247000000 	 1538003.01325666 	 3.27998e+06
248000000 	 1497525.08190134 	 3.27949e+06
249000000 	 1459287.15054603 	 3.305e+06
250000000 	 1421939.21919071 	 3.34081e+06
251000000 	 1384581.28783540 	 3.37662e+06
252000000 	 1347401.58638282 	 3.41274e+06
253000000 	 1310260.87684275 	 3.44882e+06
254000000 	 1285778.81250724 	 3.47846e+06
255000000 	 1273975.39337629 	 3.50144e+06
256000000 	 1262171.97424534 	 3.52453e+06
257000000 	 1250368.55511439 	 3.54751e+06
258000000 	 1266031.61821973 	 3.56044e+06
259000000 	 1286663.17371203 	 3.5715e+06
260000000 	 1307294.72920434 	 3.58255e+06
261000000 	 1327936.28469665 	 3.5937e+06
262000000 	 1348567.84018896 	 3.60476e+06
263000000 	 1369209.39568127 	 3.61581e+06
264000000 	 1389835.91502079 	 3.62702e+06
265000000 	 1410470.47585646 	 3.63814e+06
266000000 	 1431095.03669212 	 3.64936e+06
2.67e+08 	 1431519.59752778 	 3.63459e+06
2.68e+08 	 1431504.15836345 	 3.61941e+06
269000000 	 1432223.23160689 	 3.60272e+06
270000000 	 1433454.77295337 	 3.5851e+06
271000000 	 1434673.37175346 	 3.5676e+06
272000000 	 1435901.97055355 	 3.55e+06
273000000 	 1437120.56935365 	 3.5324e+06
274000000 	 1438349.16815374 	 3.51481e+06
275000000 	 1437407.76695383 	 3.50011e+06
276000000 	 1419275.42093787 	 3.5081e+06
277000000 	 1401136.09331656 	 3.51601e+06
278000000 	 1382986.76569525 	 3.52403e+06
279000000 	 1364847.43807394 	 3.53194e+06
280000000 	 1346708.11045263 	 3.53996e+06
281000000 	 1328568.78283131 	 3.54788e+06
282000000 	 1310727.22987059 	 3.55583e+06
283000000 	 1293114.58056157 	 3.56381e+06
284000000 	 1282670.33634980 	 3.57359e+06
285000000 	 1293975.92983085 	 3.59014e+06
286000000 	 1305291.52331190 	 3.60668e+06
287000000 	 1316597.11679295 	 3.62323e+06
288000000 	 1327491.39808703 	 3.64007e+06
289000000 	 1338256.84773862 	 3.657e+06
290000000 	 1349032.29739021 	 3.67403e+06
291000000 	 1359797.74704181 	 3.69095e+06
292000000 	 1370573.19669340 	 3.70788e+06
293000000 	 1381988.64634499 	 3.713e+06
294000000 	 1394601.99650267 	 3.69883e+06
295000000 	 1407248.35149911 	 3.68477e+06
296000000 	 1419904.70649556 	 3.67061e+06
297000000 	 1432562.75166726 	 3.65645e+06
298000000 	 1445248.44774897 	 3.64232e+06
299000000 	 1457997.33115463 	 3.62797e+06
300000000 	 1470753.15929856 	 3.61366e+06
301000000 	 1483519.21960200 	 3.59938e+06
302000000 	 1482325.27990543 	 3.5873e+06
303000000 	 1467701.34020887 	 3.57732e+06
304000000 	 1453087.40051231 	 3.56744e+06
305000000 	 1438473.46081575 	 3.55746e+06
306000000 	 1423964.62953566 	 3.54758e+06
307000000 	 1409477.32648546 	 3.53783e+06
308000000 	 1394990.02343526 	 3.52797e+06
309000000 	 1380502.72038506 	 3.51822e+06
310000000 	 1366015.41733486 	 3.50836e+06
311000000 	 1358438.11428466 	 3.5119e+06
312000000 	 1354534.76440892 	 3.52299e+06
313000000 	 1350586.81803456 	 3.5341e+06
314000000 	 1346669.90318267 	 3.54519e+06
315000000 	 1342758.03997397 	 3.55616e+06
316000000 	 1338846.17676527 	 3.56712e+06
317000000 	 1335048.83151460 	 3.57831e+06
318000000 	 1331339.15989786 	 3.58958e+06
319000000 	 1327626.56429968 	 3.60088e+06
320000000 	 1335963.96870151 	 3.60098e+06
321000000 	 1347801.37310333 	 3.59777e+06
322000000 	 1359638.77750515 	 3.59457e+06
323000000 	 1371476.18190697 	 3.59147e+06
324000000 	 1383557.42577368 	 3.58836e+06
325000000 	 1395671.92047650 	 3.58527e+06
326000000 	 1407786.41517933 	 3.58218e+06
327000000 	 1419900.90988215 	 3.57909e+06
328000000 	 1432015.40458498 	 3.57599e+06
329000000 	 1425300.90519838 	 3.56462e+06
330000000 	 1416275.12890351 	 3.55266e+06
331000000 	 1407205.75455503 	 3.54073e+06
332000000 	 1398146.38020655 	 3.5288e+06
333000000 	 1389077.00585807 	 3.51687e+06
334000000 	 1380007.63150959 	 3.50504e+06
335000000 	 1370938.25716111 	 3.49312e+06
336000000 	 1362001.55988311 	 3.48139e+06
337000000 	 1352936.99550219 	 3.47068e+06
338000000 	 1340692.43112127 	 3.48417e+06
339000000 	 1328437.86674035 	 3.49766e+06
340000000 	 1316193.30235943 	 3.51105e+06
341000000 	 1303948.73797851 	 3.52454e+06
342000000 	 1291757.98296213 	 3.53838e+06
343000000 	 1279571.69001995 	 3.55223e+06
344000000 	 1267398.71540295 	 3.56594e+06
345000000 	 1255225.74078596 	 3.57974e+06
346000000 	 1247182.76616897 	 3.59304e+06
347000000 	 1258889.79155197 	 3.60395e+06
348000000 	 1270417.43700410 	 3.6151e+06
349000000 	 1281925.11509144 	 3.62616e+06
350000000 	 1293432.79317879 	 3.63723e+06
351000000 	 1304950.47126613 	 3.64839e+06
352000000 	 1316458.14935348 	 3.65945e+06
353000000 	 1327963.80565930 	 3.67052e+06
354000000 	 1339555.18643501 	 3.68221e+06
355000000 	 1348113.61583596 	 3.68724e+06
356000000 	 1349823.69582111 	 3.67747e+06
357000000 	 1351590.74872784 	 3.66783e+06
358000000 	 1353361.10316538 	 3.6581e+06
359000000 	 1355129.86806569 	 3.64832e+06
360000000 	 1356867.00754794 	 3.63902e+06
361000000 	 1358603.29753186 	 3.62973e+06
362000000 	 1360329.58751578 	 3.62054e+06
363000000 	 1362065.87749971 	 3.61125e+06
364000000 	 1356072.16748363 	 3.60836e+06
365000000 	 1340168.45746755 	 3.61377e+06
366000000 	 1324250.62837900 	 3.61975e+06
367000000 	 1308322.79929044 	 3.62572e+06
368000000 	 1292404.97020188 	 3.6316e+06
369000000 	 1276477.14111333 	 3.63758e+06
370000000 	 1260559.31202477 	 3.64356e+06
371000000 	 1244630.62212025 	 3.64954e+06
372000000 	 1228626.71143528 	 3.65625e+06
373000000 	 1223404.28666580 	 3.66955e+06
374000000 	 1226297.45176889 	 3.68783e+06
375000000 	 1229180.61687198 	 3.70611e+06
376000000 	 1232073.78197506 	 3.72438e+06
377000000 	 1234955.36758948 	 3.74269e+06
378000000 	 1237795.88307029 	 3.76185e+06
379000000 	 1240636.39855110 	 3.78102e+06
380000000 	 1243466.91403191 	 3.80018e+06
381000000 	 1246307.42951272 	 3.81935e+06
382000000 	 1253677.94499353 	 3.82351e+06
383000000 	 1262945.42933548 	 3.82152e+06
384000000 	 1272140.16634492 	 3.82038e+06
385000000 	 1281344.90335436 	 3.81924e+06
386000000 	 1290539.64036381 	 3.81809e+06
387000000 	 1299734.37737325 	 3.81705e+06
388000000 	 1308940.32565030 	 3.8159e+06
389000000 	 1318133.72229201 	 3.81482e+06
390000000 	 1327252.86475311 	 3.8152e+06
391000000 	 1319112.00721422 	 3.81578e+06
392000000 	 1307601.14967532 	 3.81626e+06
393000000 	 1296080.29213643 	 3.81684e+06
394000000 	 1284569.43459753 	 3.81732e+06
395000000 	 1273052.21725048 	 3.81805e+06
396000000 	 1261451.86210968 	 3.82042e+06
397000000 	 1249861.50696887 	 3.8229e+06
398000000 	 1238271.15182806 	 3.82527e+06
399000000 	 1226774.57292127 	 3.82785e+06
400000000 	 1221709.58433553 	 3.84973e+06
401000000 	 1216815.92277476 	 3.87242e+06
402000000 	 1211541.23446652 	 3.89721e+06
403000000 	 1206256.87573575 	 3.92208e+06
404000000 	 1200973.03249793 	 3.94683e+06
405000000 	 1195699.18926011 	 3.97157e+06
406000000 	 1190415.34602229 	 3.99642e+06
407000000 	 1185167.67836975 	 4.02159e+06
408000000 	 1181851.79499816 	 4.04901e+06
409000000 	 1193795.91162656 	 4.06684e+06
410000000 	 1205740.02825496 	 4.08457e+06
411000000 	 1217684.14488336 	 4.10229e+06
412000000 	 1229624.81356726 	 4.12004e+06
413000000 	 1241432.04405468 	 4.13843e+06
414000000 	 1252271.62411022 	 4.16112e+06
415000000 	 1263121.20416576 	 4.18391e+06
416000000 	 1273997.26168601 	 4.20664e+06
417000000 	 1281306.79741953 	 4.22659e+06
418000000 	 1276843.54697970 	 4.23732e+06
419000000 	 1272380.49377793 	 4.24914e+06
420000000 	 1267809.21731108 	 4.26791e+06
421000000 	 1263237.94084422 	 4.28667e+06
422000000 	 1258666.66437736 	 4.30543e+06
423000000 	 1254085.38791051 	 4.32419e+06
424000000 	 1249514.11144365 	 4.34296e+06
425000000 	 1244680.55217547 	 4.3638e+06
426000000 	 1235630.00820034 	 4.40217e+06
427000000 	 1221679.46422520 	 4.45213e+06
428000000 	 1207728.92025007 	 4.5021e+06
429000000 	 1193768.37627493 	 4.55207e+06
430000000 	 1179817.83229980 	 4.60194e+06
431000000 	 1165678.29323251 	 4.6562e+06
432000000 	 1150616.01342117 	 4.73146e+06
433000000 	 1135592.84799516 	 4.80665e+06
434000000 	 1120600.41530048 	 4.8818e+06
435000000 	 1114877.98260580 	 4.95785e+06
436000000 	 1118445.54991113 	 5.035e+06
437000000 	 1120510.74263451 	 5.12226e+06
438000000 	 1116128.44371909 	 5.25317e+06
439000000 	 1111746.14480368 	 5.38398e+06
440000000 	 1107363.84588826 	 5.51489e+06
441000000 	 1102981.54697285 	 5.6457e+06
442000000 	 1098599.24805743 	 5.77661e+06
443000000 	 1090000.08240202 	 5.94226e+06
444000000 	 1063267.46567710 	 6.22728e+06
445000000 	 1035234.84895218 	 6.50539e+06
446000000 	 1007192.23222726 	 6.78351e+06
447000000 	 979178.073962459 	 7.06165e+06
448000000 	 951420.536471344 	 7.33976e+06
449000000 	 1147964.51369396 	 7.81173e+06
450000000 	 2139339.39967756 	 8.97135e+06
451000000 	 3130714.28566116 	 1.01309e+07
452000000 	 4122099.17164475 	 1.12904e+07
453000000 	 5101094.05762835 	 1.24559e+07
454000000 	 6076278.94361195 	 1.36233e+07
455000000 	 6626587.20752194 	 1.355e+07
456000000 	 5831494.50153229 	 9.54762e+06
457000000 	 5036401.79554263 	 5.54524e+06
458000000 	 4241309.08955298 	 1.54286e+06
459000000 	 3446216.38356333 	 -2.45952e+06
460000000 	 2651133.67757368 	 -6.4619e+06
461000000 	 2034826.44302196 	 -9.05213e+06
462000000 	 1938770.16563963 	 -7.61176e+06
463000000 	 1844475.09965905 	 -6.16958e+06
464000000 	 1750328.56741421 	 -4.72722e+06
465000000 	 1656192.03516937 	 -3.28487e+06
466000000 	 1562055.50292454 	 -1.84261e+06
467000000 	 1489397.70351760 	 -711554
468000000 	 1474812.03363534 	 -422140
469000000 	 1460226.36375309 	 -132726
470000000 	 1445919.90619843 	 156192
471000000 	 1440599.86035840 	 430327
472000000 	 1435269.81451837 	 704463
473000000 	 1431778.47936114 	 933460
474000000 	 1432754.33242731 	 1.05229e+06
475000000 	 1433756.74262190 	 1.17115e+06
476000000 	 1434806.98732946 	 1.29009e+06
477000000 	 1435857.23203702 	 1.40892e+06
478000000 	 1435955.88814632 	 1.52835e+06
479000000 	 1432805.91437323 	 1.63412e+06
480000000 	 1415047.24614840 	 1.70589e+06
481000000 	 1397298.57792357 	 1.77777e+06
482000000 	 1379539.90969875 	 1.84965e+06
483000000 	 1361791.24147392 	 1.92153e+06
484000000 	 1344032.57324909 	 1.99341e+06
485000000 	 1409654.92843563 	 2.01889e+06
486000000 	 1652430.70837134 	 1.94567e+06
487000000 	 1895216.48830704 	 1.87256e+06
488000000 	 2138342.26824275 	 1.80454e+06
489000000 	 2382288.04817846 	 1.74873e+06
490000000 	 2626243.82811417 	 1.69281e+06
491000000 	 2784651.40083160 	 1.71433e+06
492000000 	 2777014.21836062 	 1.88585e+06
493000000 	 2769176.62274410 	 2.05679e+06
494000000 	 2761331.59989753 	 2.22757e+06
495000000 	 2753476.57705097 	 2.39844e+06
496000000 	 2745631.55420440 	 2.56922e+06
497000000 	 2660245.42605970 	 2.665e+06
498000000 	 2427397.24521848 	 2.62259e+06
499000000 	 2194559.06437727 	 2.58008e+06
500000000 	 1961720.88353605 	 2.53767e+06
501000000 	 1728872.70269484 	 2.49516e+06
502000000 	 1496094.91571085 	 2.45282e+06
503000000 	 1356130.20321396 	 2.43657e+06
504000000 	 1374164.44222209 	 2.46502e+06
505000000 	 1392208.68123021 	 2.49337e+06
506000000 	 1404682.92023834 	 2.51451e+06
507000000 	 1412799.15918565 	 2.52986e+06
508000000 	 1421113.39211171 	 2.54503e+06
509000000 	 1426957.39744830 	 2.55735e+06
510000000 	 1428937.71347831 	 2.56522e+06
511000000 	 1430918.02950831 	 2.57308e+06
512000000 	 1432898.34553832 	 2.58095e+06
513000000 	 1434878.66156833 	 2.58881e+06
514000000 	 1436858.97759833 	 2.59668e+06
515000000 	 1431774.16473458 	 2.61192e+06
516000000 	 1423416.65853021 	 2.62893e+06
517000000 	 1415059.15232583 	 2.64595e+06
518000000 	 1406711.64612145 	 2.66296e+06
519000000 	 1398354.13991708 	 2.67997e+06
520000000 	 1389996.63371270 	 2.69688e+06
521000000 	 1381162.33486618 	 2.71282e+06
522000000 	 1371654.49910886 	 2.72728e+06
523000000 	 1362244.63555288 	 2.74172e+06
524000000 	 1364914.77199691 	 2.76046e+06
525000000 	 1370144.90844093 	 2.78e+06
526000000 	 1375375.04488496 	 2.79963e+06
527000000 	 1380371.96997896 	 2.81785e+06
528000000 	 1385072.08062749 	 2.83425e+06
529000000 	 1389769.93093206 	 2.85067e+06
530000000 	 1394475.01859404 	 2.8671e+06
531000000 	 1399170.10625601 	 2.88343e+06
532000000 	 1403865.19391799 	 2.89986e+06
533000000 	 1410267.49720132 	 2.90116e+06
5.34e+08 	 1417425.28624408 	 2.90197e+06
5.35e+08 	 1424581.29031886 	 2.90312e+06
5.36e+08 	 1431752.10598784 	 2.90418e+06
537000000 	 1438931.07417191 	 2.90525e+06
538000000 	 1446147.18159140 	 2.90632e+06
539000000 	 1453127.94523837 	 2.90702e+06
540000000 	 1459843.32122699 	 2.90712e+06
541000000 	 1465218.69721561 	 2.90751e+06
542000000 	 1457264.07320422 	 2.9106e+06
543000000 	 1449309.44919284 	 2.91369e+06
544000000 	 1441344.82518146 	 2.91679e+06
545000000 	 1434133.82984886 	 2.91903e+06
546000000 	 1427728.43225163 	 2.92037e+06
547000000 	 1421323.03465439 	 2.9217e+06
548000000 	 1414917.63705715 	 2.92303e+06
549000000 	 1408522.23945991 	 2.92446e+06
550000000 	 1403836.84186268 	 2.92869e+06
551000000 	 1404246.74526878 	 2.94368e+06
552000000 	 1403768.38368226 	 2.95922e+06
553000000 	 1403317.41773625 	 2.97467e+06
554000000 	 1402866.45179023 	 2.99021e+06
555000000 	 1402415.48584422 	 3.00576e+06
556000000 	 1401964.51989820 	 3.02131e+06
557000000 	 1402041.69926684 	 3.03658e+06
558000000 	 1402606.39738747 	 3.05159e+06
559000000 	 1406981.09550810 	 3.0628e+06
560000000 	 1418235.79362873 	 3.06731e+06
561000000 	 1429490.49174936 	 3.07182e+06
562000000 	 1440745.18986999 	 3.07633e+06
563000000 	 1452669.25199963 	 3.08119e+06
564000000 	 1465171.48217877 	 3.08634e+06
565000000 	 1477673.71235790 	 3.0915e+06
566000000 	 1490175.94253703 	 3.09655e+06
567000000 	 1502683.17794755 	 3.1017e+06
568000000 	 1508899.31154720 	 3.10366e+06
569000000 	 1519931.87491274 	 3.11022e+06
570000000 	 1540296.97172310 	 3.12333e+06
571000000 	 1560662.06853346 	 3.13644e+06
572000000 	 1581037.16534381 	 3.14955e+06
573000000 	 1601402.26215417 	 3.16266e+06
574000000 	 1621767.35896453 	 3.17587e+06
575000000 	 1610927.61400962 	 3.16936e+06
576000000 	 1576557.37438970 	 3.14805e+06
577000000 	 1540317.13476977 	 3.13564e+06
578000000 	 1502936.89514985 	 3.12883e+06
579000000 	 1465556.65552992 	 3.12192e+06
580000000 	 1428186.41591000 	 3.11512e+06
581000000 	 1412480.69014873 	 3.12951e+06
582000000 	 1412484.28289457 	 3.15943e+06
583000000 	 1412492.74116690 	 3.18925e+06
584000000 	 1412491.19943922 	 3.21917e+06
585000000 	 1412499.65771155 	 3.249e+06
586000000 	 1422978.11598388 	 3.27792e+06
587000000 	 1431758.84366844 	 3.26557e+06
588000000 	 1437113.49691722 	 3.22603e+06
589000000 	 1442476.49581559 	 3.18639e+06
590000000 	 1447829.49471396 	 3.14676e+06
591000000 	 1453192.49361232 	 3.10713e+06
592000000 	 1458555.49251069 	 3.06759e+06
593000000 	 1468713.25613538 	 3.0721e+06
594000000 	 1481509.73200859 	 3.10556e+06
595000000 	 1489112.55049309 	 3.12779e+06
596000000 	 1496075.36897760 	 3.14851e+06
597000000 	 1503041.41804560 	 3.16924e+06
598000000 	 1510010.21909215 	 3.18996e+06
599000000 	 1514295.94706177 	 3.18553e+06
600000000 	 1517005.90195446 	 3.16633e+06
601000000 	 1519715.85684716 	 3.14713e+06
602000000 	 1522425.81173986 	 3.12793e+06
603000000 	 1524925.76663256 	 3.10893e+06
604000000 	 1516485.72152525 	 3.09813e+06
605000000 	 1506190.77509691 	 3.10124e+06
606000000 	 1494897.03564954 	 3.11185e+06
607000000 	 1483603.29620217 	 3.12246e+06
608000000 	 1472309.55675481 	 3.13307e+06
609000000 	 1461015.81730744 	 3.14368e+06
610000000 	 1449722.07786007 	 3.15429e+06
611000000 	 1440711.44156009 	 3.16301e+06
612000000 	 1434594.47757289 	 3.17187e+06
613000000 	 1438109.08742610 	 3.18732e+06
614000000 	 1441623.69727931 	 3.20268e+06
615000000 	 1445138.30713252 	 3.21814e+06
616000000 	 1448652.91698573 	 3.2335e+06
617000000 	 1451342.88469847 	 3.24736e+06
618000000 	 1453644.78552158 	 3.26038e+06
619000000 	 1455946.68634469 	 3.27349e+06
620000000 	 1458258.58716780 	 3.2865e+06
621000000 	 1461870.48799091 	 3.29582e+06
622000000 	 1468792.38881402 	 3.29563e+06
623000000 	 1476377.79310724 	 3.29922e+06
624000000 	 1484247.55603050 	 3.30429e+06
625000000 	 1492117.31895377 	 3.30935e+06
626000000 	 1499987.08187703 	 3.31441e+06
627000000 	 1507848.93901388 	 3.31948e+06
628000000 	 1515721.65153374 	 3.32465e+06
629000000 	 1524985.22610965 	 3.32688e+06
630000000 	 1529226.89927183 	 3.32775e+06
631000000 	 1525660.68931800 	 3.32833e+06
632000000 	 1522145.28457989 	 3.32895e+06
633000000 	 1518629.87984179 	 3.32958e+06
634000000 	 1515114.47510368 	 3.3301e+06
635000000 	 1511476.30314150 	 3.33393e+06
636000000 	 1507779.02549369 	 3.33894e+06
637000000 	 1504081.74784589 	 3.34396e+06
638000000 	 1500394.47019809 	 3.34897e+06
639000000 	 1498617.19255028 	 3.36139e+06
640000000 	 1498399.91490248 	 3.38e+06
641000000 	 1502750.26385921 	 3.41144e+06
642000000 	 1508624.27507112 	 3.44728e+06
643000000 	 1514499.39962978 	 3.48301e+06
644000000 	 1520374.52418843 	 3.51884e+06
645000000 	 1526249.64874708 	 3.55457e+06
646000000 	 1532124.77330574 	 3.59031e+06
647000000 	 1619135.36123662 	 3.62616e+06
648000000 	 1739999.86308940 	 3.65762e+06
649000000 	 1864674.36494219 	 3.68717e+06
650000000 	 1989358.86679498 	 3.71662e+06
651000000 	 2114043.36864777 	 3.74618e+06
652000000 	 2238717.87050056 	 3.77563e+06
653000000 	 2189715.55093047 	 3.68474e+06
654000000 	 2099845.16699957 	 3.55222e+06
655000000 	 2009964.78306868 	 3.4198e+06
656000000 	 1920094.39913778 	 3.28728e+06
657000000 	 1822542.17074009 	 3.14719e+06
658000000 	 1723249.71437458 	 3.00529e+06
659000000 	 1692249.00850741 	 2.99424e+06
660000000 	 1679411.80593725 	 3.01785e+06
661000000 	 1666564.60336709 	 3.04145e+06
662000000 	 1653717.40079693 	 3.06506e+06
663000000 	 1640870.19822678 	 3.08876e+06
664000000 	 1628032.99565662 	 3.11237e+06
665000000 	 1637426.79475870 	 3.10971e+06
666000000 	 1645487.61894440 	 3.11159e+06
667000000 	 1653198.44313009 	 3.11407e+06
668000000 	 1660899.26731579 	 3.11655e+06
669000000 	 1668610.09150148 	 3.11894e+06
670000000 	 1676310.91568718 	 3.12142e+06
671000000 	 1683364.57795027 	 3.12086e+06
672000000 	 1690276.47364728 	 3.11967e+06
673000000 	 1697198.42715784 	 3.11839e+06
674000000 	 1705070.38066840 	 3.1174e+06
675000000 	 1723832.33417896 	 3.11931e+06
676000000 	 1742604.28768952 	 3.12113e+06
677000000 	 1761038.93946531 	 3.12198e+06
678000000 	 1779409.34329161 	 3.12253e+06
679000000 	 1797769.74711791 	 3.12318e+06
680000000 	 1816140.15094422 	 3.12373e+06
681000000 	 1834510.55477052 	 3.12428e+06
682000000 	 1852880.95859682 	 3.12493e+06
683000000 	 1870819.86409537 	 3.12281e+06
684000000 	 1888278.06056381 	 3.11097e+06
685000000 	 1905736.25703225 	 3.09914e+06
686000000 	 1923184.56101244 	 3.08731e+06
687000000 	 1940644.29336284 	 3.07557e+06
688000000 	 1958104.02571324 	 3.06374e+06
689000000 	 1975557.72068808 	 3.05206e+06
690000000 	 1993010.59238444 	 3.04041e+06
691000000 	 2010463.46408080 	 3.02876e+06
692000000 	 2024106.33577716 	 3.01841e+06
693000000 	 2030549.20747351 	 3.01035e+06
694000000 	 2036992.07916987 	 3.0024e+06
695000000 	 2055314.31169783 	 2.99065e+06
696000000 	 2075104.77983418 	 2.97844e+06
697000000 	 2094895.24797054 	 2.96632e+06
698000000 	 2114685.71610690 	 2.95411e+06
699000000 	 2134486.18424325 	 2.942e+06
700000000 	 2154276.65237961 	 2.92979e+06
701000000 	 2154252.99240242 	 2.926e+06
702000000 	 2155690.50729021 	 2.9274e+06
703000000 	 2157128.02217801 	 2.9287e+06
704000000 	 2158555.53706580 	 2.93011e+06
705000000 	 2159989.73608993 	 2.93153e+06
706000000 	 2161414.97000121 	 2.93301e+06
707000000 	 2175805.05938956 	 2.93832e+06
708000000 	 2191324.75492821 	 2.94407e+06
709000000 	 2206876.77131686 	 2.94986e+06
710000000 	 2226818.78770551 	 2.94995e+06
711000000 	 2249540.80409416 	 2.94644e+06
712000000 	 2272262.82048280 	 2.94293e+06
713000000 	 2272662.25333719 	 2.94359e+06
714000000 	 2271855.85329899 	 2.94431e+06
715000000 	 2271039.45326079 	 2.94512e+06
716000000 	 2270233.30915388 	 2.94584e+06
717000000 	 2269427.97549609 	 2.94656e+06
718000000 	 2268622.64183830 	 2.94728e+06
719000000 	 2264684.19018563 	 2.9623e+06
720000000 	 2258269.77528318 	 2.97714e+06
721000000 	 2251845.36038072 	 2.99207e+06
722000000 	 2245420.94547827 	 3.00691e+06
723000000 	 2238996.53057582 	 3.02174e+06
724000000 	 2232582.11567336 	 3.03657e+06
725000000 	 2246040.18750465 	 3.01116e+06
726000000 	 2260113.18160606 	 2.98451e+06
727000000 	 2274186.17570746 	 2.95785e+06
728000000 	 2287769.16980887 	 2.94119e+06
729000000 	 2301292.16391027 	 2.92604e+06
730000000 	 2314805.15801167 	 2.91088e+06
731000000 	 2286123.93797070 	 2.93085e+06
732000000 	 2257017.14866711 	 2.95117e+06
733000000 	 2227920.35936351 	 2.97139e+06
734000000 	 2198813.57005991 	 2.99171e+06
735000000 	 2169706.78075632 	 3.01203e+06
736000000 	 2140903.72555527 	 3.0324e+06
737000000 	 2142930.34650622 	 3.05509e+06
738000000 	 2144966.96745717 	 3.07788e+06
739000000 	 2146993.58840812 	 3.10057e+06
740000000 	 2149020.20935908 	 3.12337e+06
741000000 	 2151046.83031003 	 3.14606e+06
742000000 	 2153465.10680171 	 3.16798e+06
743000000 	 2175074.50478909 	 3.14731e+06
744000000 	 2196683.90277646 	 3.12653e+06
745000000 	 2217483.30076383 	 3.10446e+06
746000000 	 2233353.05931459 	 3.07409e+06
747000000 	 2249233.31578620 	 3.04371e+06
748000000 	 2264145.89332805 	 3.01549e+06
749000000 	 2256084.17655551 	 3.03901e+06
750000000 	 2248022.45978298 	 3.06242e+06
751000000 	 2239950.74301044 	 3.08583e+06
752000000 	 2231889.02623791 	 3.10924e+06
753000000 	 2223817.30946538 	 3.13266e+06
754000000 	 2216206.08603458 	 3.15782e+06
755000000 	 2243919.25829115 	 3.18327e+06
756000000 	 2271622.43054771 	 3.20862e+06
757000000 	 2299335.60280427 	 3.23396e+06
758000000 	 2327048.77506083 	 3.25941e+06
759000000 	 2354761.94731739 	 3.28475e+06
760000000 	 2376211.42918138 	 3.30726e+06
761000000 	 2314586.56061850 	 3.29223e+06
762000000 	 2252962.06998990 	 3.27709e+06
763000000 	 2195197.57936130 	 3.26396e+06
764000000 	 2143077.46911751 	 3.25371e+06
765000000 	 2090969.60883115 	 3.24334e+06
766000000 	 2043714.32949074 	 3.23602e+06
767000000 	 2045524.03527045 	 3.2585e+06
768000000 	 2047333.74105017 	 3.28097e+06
769000000 	 2049143.44682988 	 3.30345e+06
770000000 	 2050953.15260960 	 3.32583e+06
771000000 	 2052762.85838931 	 3.3483e+06
772000000 	 2052220.06831532 	 3.35989e+06
773000000 	 2050964.01171567 	 3.3603e+06
774000000 	 2049717.95511602 	 3.36072e+06
775000000 	 2048461.89851637 	 3.36114e+06
776000000 	 2047176.26445193 	 3.36156e+06
777000000 	 2045950.91207763 	 3.36198e+06
778000000 	 2043691.11154279 	 3.36258e+06
779000000 	 2033745.35783070 	 3.36442e+06
780000000 	 2023899.60411861 	 3.36627e+06
781000000 	 2007153.85040652 	 3.36842e+06
782000000 	 1987008.09669443 	 3.37067e+06
783000000 	 1966862.34298233 	 3.37302e+06
784000000 	 1947037.70964366 	 3.37532e+06
785000000 	 1929285.67288457 	 3.37795e+06
786000000 	 1911433.63612549 	 3.38059e+06
787000000 	 1893581.59936640 	 3.38332e+06
788000000 	 1875729.56260731 	 3.38596e+06
789000000 	 1857877.52584823 	 3.38859e+06
790000000 	 1843211.89977361 	 3.39962e+06
791000000 	 1830643.05443214 	 3.4158e+06
792000000 	 1818074.41284655 	 3.43198e+06
793000000 	 1805495.77126095 	 3.44806e+06
794000000 	 1792927.12967535 	 3.46424e+06
795000000 	 1780383.52410454 	 3.48044e+06
796000000 	 1789229.32328379 	 3.50803e+06
797000000 	 1902445.54052324 	 3.59111e+06
798000000 	 2015651.75776269 	 3.6742e+06
799000000 	 2136387.97500214 	 3.75199e+06
800000000 	 2257664.19224160 	 3.82937e+06
801000000 	 2378940.40948105 	 3.90676e+06
802000000 	 2451155.78861797 	 3.95467e+06
803000000 	 2314217.06847572 	 3.87704e+06
804000000 	 2177278.34833346 	 3.79931e+06
805000000 	 2040339.62819121 	 3.72157e+06
806000000 	 1903401.37072529 	 3.64384e+06
807000000 	 1765863.24375781 	 3.56581e+06
808000000 	 1655164.86011954 	 3.50058e+06
809000000 	 1680125.44979798 	 3.50694e+06
810000000 	 1705186.03947642 	 3.5133e+06
811000000 	 1730146.62915486 	 3.51965e+06
812000000 	 1755207.21883330 	 3.52601e+06
813000000 	 1780167.80851174 	 3.53227e+06
814000000 	 1802558.01274845 	 3.55137e+06
815000000 	 1815380.48678265 	 3.61565e+06
816000000 	 1827702.96081684 	 3.68182e+06
817000000 	 1837325.43485104 	 3.75519e+06
818000000 	 1847047.90888523 	 3.82856e+06
819000000 	 1856770.38291943 	 3.90203e+06
820000000 	 1827671.77739794 	 3.95385e+06
821000000 	 1668607.50076381 	 3.9335e+06
822000000 	 1509543.31394906 	 3.91315e+06
823000000 	 1350433.31034561 	 3.89312e+06
824000000 	 1191212.55959420 	 3.87306e+06
825000000 	 1035191.80884279 	 3.85309e+06
826000000 	 939290.330666645 	 3.88094e+06
827000000 	 1005346.67021624 	 4.05204e+06
828000000 	 1071503.00976583 	 4.22314e+06
829000000 	 1137659.34931542 	 4.39414e+06
830000000 	 1203715.68886501 	 4.56524e+06
831000000 	 1278071.68271965 	 4.73878e+06
832000000 	 1517775.60482312 	 4.74965e+06
833000000 	 2134362.51599407 	 4.30006e+06
834000000 	 2749849.42716510 	 3.84607e+06
835000000 	 3363736.33833613 	 3.38728e+06
836000000 	 3977723.69424223 	 2.9285e+06
837000000 	 4591711.07355544 	 2.46961e+06
838000000 	 4831338.82651265 	 2.27193e+06
839000000 	 4108327.54026844 	 2.74556e+06
840000000 	 3385316.25402423 	 3.21929e+06
841000000 	 2662304.96778002 	 3.69293e+06
842000000 	 1939293.68153582 	 4.16666e+06
843000000 	 1211482.39529161 	 4.64309e+06
844000000 	 1113210.23948212 	 4.57075e+06
845000000 	 2491329.38802052 	 3.21352e+06
846000000 	 3869448.53655893 	 1.85629e+06
847000000 	 5247567.68509734 	 498954
848000000 	 6625686.83363575 	 -858279
849000000 	 8003805.98217415 	 -2.21551e+06
850000000 	 8638550.76420667 	 -2.86069e+06
851000000 	 7693625.45520749 	 -1.99273e+06
852000000 	 6753800.14620832 	 -1.12047e+06
853000000 	 5815774.83720914 	 -246713
854000000 	 4877849.52820996 	 627144
855000000 	 3939924.21921079 	 1.5009e+06
856000000 	 3287626.97373437 	 2.12844e+06
857000000 	 3215544.28147100 	 2.25588e+06
858000000 	 3143361.58920762 	 2.38322e+06
859000000 	 3071278.89694425 	 2.51066e+06
860000000 	 2999096.20468087 	 2.638e+06
861000000 	 2930613.51241750 	 2.75814e+06
862000000 	 2861550.46898355 	 2.88137e+06
863000000 	 2790766.77337570 	 3.01267e+06
864000000 	 2719883.07776784 	 3.14387e+06
865000000 	 2649099.44083872 	 3.27518e+06
866000000 	 2578216.19660578 	 3.40638e+06
867000000 	 2507432.95237284 	 3.53768e+06
868000000 	 2642778.11752900 	 3.45089e+06
869000000 	 3129368.95272611 	 2.99294e+06
870000000 	 3607159.78792322 	 2.53368e+06
871000000 	 4085050.62312032 	 2.07432e+06
872000000 	 4562841.45831743 	 1.61506e+06
873000000 	 5040732.29351454 	 1.1557e+06
874000000 	 5231151.81464859 	 999538
875000000 	 4952802.34967987 	 1.33781e+06
876000000 	 4674352.88471115 	 1.67618e+06
877000000 	 4395903.41974243 	 2.01445e+06
878000000 	 4117653.95477371 	 2.35392e+06
879000000 	 3840604.48980498 	 2.70128e+06
880000000 	 3794098.14746134 	 2.93554e+06
881000000 	 4093556.22167144 	 3.0003e+06
882000000 	 4393009.07946745 	 3.06537e+06
883000000 	 4692461.93726346 	 3.13034e+06
884000000 	 4991914.79505947 	 3.19531e+06
885000000 	 5291367.65285547 	 3.26038e+06
886000000 	 5370452.13906225 	 3.33315e+06
887000000 	 5134521.16371383 	 3.41626e+06
888000000 	 4904590.18836541 	 3.49697e+06
889000000 	 4674559.21301698 	 3.57768e+06
890000000 	 4444528.23766856 	 3.65839e+06
891000000 	 4199914.39975734 	 3.72829e+06
892000000 	 4298176.73230831 	 3.92799e+06
893000000 	 4853572.60203987 	 4.30147e+06
894000000 	 5408868.47177143 	 4.67485e+06
895000000 	 5964164.47924696 	 5.04833e+06
896000000 	 6517260.79331388 	 5.41921e+06
897000000 	 7066857.10738080 	 5.78619e+06
898000000 	 6985732.98325913 	 5.78204e+06
899000000 	 6133728.32357381 	 5.32452e+06
900000000 	 5281723.66388850 	 4.8669e+06
901000000 	 4429719.00420318 	 4.40939e+06
902000000 	 3577714.34451787 	 3.95177e+06
903000000 	 2725709.68483256 	 3.49425e+06
904000000 	 2565127.62691945 	 3.2243e+06
905000000 	 3213515.57978235 	 3.17846e+06
906000000 	 3859603.53264526 	 3.13593e+06
907000000 	 4505691.48550817 	 3.09339e+06
908000000 	 5151779.43837108 	 3.05085e+06
909000000 	 5797867.39123399 	 3.00832e+06
910000000 	 5910647.98358891 	 3.04956e+06
911000000 	 5445679.09491272 	 3.18156e+06
912000000 	 4980710.20623653 	 3.31347e+06
913000000 	 4515741.31756034 	 3.44548e+06
914000000 	 4055872.42888415 	 3.57908e+06
915000000 	 3598603.54020796 	 3.71349e+06
916000000 	 3363485.38840652 	 3.83868e+06
917000000 	 3350517.97347978 	 3.95455e+06
918000000 	 3337650.55855304 	 4.07053e+06
919000000 	 3324683.14362630 	 4.1865e+06
920000000 	 3311715.72869956 	 4.30248e+06
921000000 	 3298748.31377282 	 4.41845e+06
922000000 	 3287276.11880577 	 4.58793e+06
923000000 	 3277440.50772155 	 4.80242e+06
924000000 	 3267604.89663733 	 5.01511e+06
925000000 	 3257769.83830966 	 5.2278e+06
926000000 	 3247935.37880157 	 5.44049e+06
927000000 	 3238000.91929347 	 5.65318e+06
928000000 	 3195673.96434984 	 6.21594e+06
929000000 	 3124532.90968036 	 7.08914e+06
930000000 	 3053391.85501088 	 7.96244e+06
931000000 	 2982250.80034139 	 8.83564e+06
932000000 	 2904109.74567191 	 9.71035e+06
933000000 	 2825468.69100243 	 1.05852e+07
934000000 	 3034980.48869004 	 9.33489e+06
935000000 	 3490141.01245954 	 6.27395e+06
936000000 	 3945201.53622903 	 3.213e+06
937000000 	 4400362.05999852 	 152057
938000000 	 4855422.58376801 	 -2.90899e+06
939000000 	 5310583.10753751 	 -5.96993e+06
940000000 	 5391389.83404818 	 -6.63193e+06
941000000 	 5181592.23060499 	 -5.40324e+06
942000000 	 4971794.62716179 	 -4.17445e+06
943000000 	 4761897.02371860 	 -2.94575e+06
944000000 	 4552099.42027541 	 -1.71706e+06
945000000 	 4342301.81683221 	 -488369
946000000 	 4193755.29310382 	 229301
947000000 	 4089562.99951373 	 576920
948000000 	 3985370.70592363 	 924539
949000000 	 3882078.41233354 	 1.27126e+06
950000000 	 3808607.55747588 	 1.61952e+06
951000000 	 3756158.77886509 	 1.97248e+06
952000000 	 4002635.25707300 	 1.83308e+06
953000000 	 4456769.96459572 	 1.35136e+06
954000000 	 4910804.67211844 	 869650
955000000 	 5364939.41018442 	 388036
956000000 	 5819074.16398481 	 -93676.8
957000000 	 6273108.91778520 	 -575390
958000000 	 6350604.65653549 	 -577314
959000000 	 6184613.15615527 	 -273640
960000000 	 6018621.65577506 	 29934.5
961000000 	 5852630.15539484 	 333609
962000000 	 5686638.65501463 	 637283
963000000 	 5520647.15463441 	 940857
964000000 	 5448979.92533586 	 1.12174e+06
965000000 	 5432709.49016467 	 1.23042e+06
966000000 	 5416439.05499347 	 1.33919e+06
967000000 	 5400168.61982227 	 1.45076e+06
968000000 	 5383798.18465107 	 1.56563e+06
969000000 	 5367427.74947987 	 1.68041e+06
970000000 	 5390443.07179281 	 1.76214e+06
971000000 	 5435612.81790605 	 1.82523e+06
972000000 	 5480782.56401929 	 1.88832e+06
973000000 	 5525952.31013253 	 1.95141e+06
974000000 	 5571222.05624576 	 2.01451e+06
975000000 	 5616391.80235900 	 2.0776e+06
976000000 	 5637481.24746890 	 2.10412e+06
977000000 	 5646768.71933465 	 2.11159e+06
978000000 	 5656056.19120039 	 2.11915e+06
979000000 	 5665343.66306614 	 2.12661e+06
980000000 	 5674631.13493189 	 2.13408e+06
981000000 	 5684018.60679763 	 2.14164e+06
982000000 	 5717310.23698745 	 2.19165e+06
983000000 	 5761897.94168272 	 2.26169e+06
984000000 	 5806485.64637799 	 2.33173e+06
985000000 	 5847273.79526123 	 2.39847e+06
986000000 	 5886662.02875170 	 2.46401e+06
987000000 	 5926050.26224216 	 2.52944e+06
988000000 	 6026725.18123410 	 2.45937e+06
989000000 	 6154789.77052381 	 2.32841e+06
990000000 	 6282854.35981352 	 2.19755e+06
991000000 	 6410918.94910323 	 2.06658e+06
992000000 	 6538983.53839295 	 1.93562e+06
993000000 	 6667048.12768266 	 1.80466e+06
994000000 	 6715899.56612454 	 1.84439e+06
995000000 	 6733221.68943137 	 1.95238e+06
996000000 	 6750443.81273820 	 2.06036e+06
997000000 	 6767765.93604503 	 2.16834e+06
998000000 	 6784988.05935186 	 2.27633e+06
999000000 	 6802156.43515919 	 2.38539e+06
1000000000 	 6841805.38932386 	 2.45462e+06
1.001e+09 	 6890096.47792906 	 2.50814e+06
1002000000 	 6938387.56653426 	 2.56166e+06
1.003e+09 	 6994678.65513948 	 2.61657e+06
1004000000 	 7050969.74374469 	 2.67149e+06
1.005e+09 	 7107260.83234989 	 2.7263e+06
1006000000 	 7183237.41957550 	 2.71914e+06
1.007e+09 	 7267550.64906703 	 2.68538e+06
1008000000 	 7351963.87855855 	 2.65151e+06
1.009e+09 	 7396444.20842625 	 2.64282e+06
1010000000 	 7281179.62582703 	 2.73441e+06
1.011e+09 	 7165915.04322778 	 2.82491e+06
1012000000 	 6978840.53972459 	 2.99828e+06
1.013e+09 	 6773788.55599544 	 3.19427e+06
1014000000 	 6568836.57226628 	 3.39017e+06
1.015e+09 	 6363885.73702207 	 3.58616e+06
1016000000 	 6158834.90177785 	 3.78216e+06
1.017e+09 	 5953884.06653369 	 3.97815e+06
1018000000 	 6056935.89795607 	 4.00088e+06
1.019e+09 	 6236888.39604523 	 3.9802e+06
1020000000 	 6414840.89413439 	 3.96021e+06
1.021e+09 	 6586793.39222351 	 3.94212e+06
1022000000 	 6758745.89031264 	 3.92393e+06
1.023e+09 	 6930698.38840180 	 3.90575e+06
1024000000 	 6805969.55315766 	 4.24122e+06
1.025e+09 	 6607195.38458015 	 4.6651e+06
1026000000 	 6408421.21600265 	 5.08898e+06
1.027e+09 	 6209647.04742510 	 5.51287e+06
1028000000 	 6010872.87884755 	 5.93675e+06
1.029e+09 	 5813798.75617609 	 6.36354e+06
1030000000 	 5418483.17999235 	 6.36655e+06
1.031e+09 	 4972857.13714184 	 6.2624e+06
1032000000 	 4527131.09429134 	 6.15835e+06
1.033e+09 	 4081505.05144093 	 6.0543e+06
1034000000 	 3635879.00859052 	 5.95025e+06
1.035e+09 	 3190152.96574002 	 5.84621e+06
1036000000 	 3019994.65622290 	 5.97014e+06
1.037e+09 	 2918703.28003912 	 6.15108e+06
1038000000 	 2820411.90385534 	 6.32882e+06
1.039e+09 	 2724920.52767154 	 6.50356e+06
1040000000 	 2629429.15148774 	 6.67839e+06
1.041e+09 	 2534037.77530396 	 6.85313e+06
1042000000 	 2410204.37426143 	 7.01219e+06
1.043e+09 	 2279285.46700418 	 7.1672e+06
1044000000 	 2148466.75343821 	 7.32231e+06
1.045e+09 	 2017548.81463737 	 7.47743e+06
1046000000 	 1886630.87583652 	 7.63244e+06
1.047e+09 	 1750812.93703565 	 7.78516e+06
1048000000 	 1637353.17620088 	 7.97051e+06
1.049e+09 	 1526788.76847348 	 8.15974e+06
1050000000 	 1416124.36074608 	 8.34897e+06
1.051e+09 	 1305559.95301865 	 8.5381e+06
1052000000 	 1194895.54529123 	 8.72733e+06
1.053e+09 	 1084331.13756383 	 8.91655e+06
1054000000 	 892428.229836438 	 9.00698e+06
1.055e+09 	 691598.822109002 	 9.08654e+06
1056000000 	 489269.414381568 	 9.1727e+06
1.057e+09 	 286540.006654178 	 9.26066e+06
1058000000 	 83416.6676177428 	 9.35927e+06
1059000000 	 -119750.147403113 	 9.45906e+06
1060000000 	 -260435.776048122 	 9.62798e+06
1061000000 	 -394290.238026436 	 9.80457e+06
1062000000 	 -528144.700004748 	 9.98117e+06
1063000000 	 -661999.161983092 	 1.01578e+07
1064000000 	 -795853.623961435 	 1.03344e+07
1065000000 	 -922208.085939747 	 1.05102e+07
1066000000 	 -1054801.54791806 	 1.06832e+07
1067000000 	 -1188166.00989640 	 1.08556e+07
1.068e+09 	 -1321630.47187472 	 1.10282e+07
1069000000 	 -1303072.51288113 	 1.09739e+07
1.07e+09 	 -1267634.28489064 	 1.08946e+07
1071000000 	 -1232296.05690014 	 1.08152e+07
1.072e+09 	 -1154103.32890964 	 1.07821e+07
1073000000 	 -1071360.10091913 	 1.07537e+07
1074000000 	 -991616.462190383 	 1.07179e+07
1075000000 	 -911972.207354255 	 1.0682e+07
1076000000 	 -832227.952518109 	 1.06461e+07
1077000000 	 -752483.697681962 	 1.06102e+07
1078000000 	 -717304.273354303 	 1.06415e+07
1079000000 	 -686965.385749806 	 1.06802e+07
1080000000 	 -656626.498145305 	 1.0719e+07
1081000000 	 -626387.610540801 	 1.07577e+07
1082000000 	 -597248.722936306 	 1.07973e+07
1083000000 	 -573609.835331808 	 1.0841e+07
1084000000 	 -548823.913829000 	 1.05117e+07
1085000000 	 -524037.992326194 	 1.01824e+07
1086000000 	 -499252.070823391 	 9.85305e+06
1087000000 	 -474466.149320590 	 9.52375e+06
1088000000 	 -449680.227817783 	 9.19445e+06
1089000000 	 -424793.798663970 	 8.86515e+06
1090000000 	 -499413.528525810 	 8.58164e+06
1091000000 	 -571933.258387651 	 8.29963e+06
1092000000 	 -639752.988249509 	 8.02082e+06
1093000000 	 -707572.718111364 	 7.742e+06
1094000000 	 -775492.447973207 	 7.46319e+06
1095000000 	 -843312.177835047 	 7.18438e+06
1096000000 	 -862378.574363576 	 7.1108e+06
1097000000 	 -881444.970892093 	 7.03721e+06
1098000000 	 -900511.367420608 	 6.96372e+06
1099000000 	 -919677.763949121 	 6.89014e+06
1100000000 	 -937444.160477638 	 6.81305e+06
1101000000 	 -953610.557006156 	 6.73167e+06
1102000000 	 -911907.953534676 	 6.68006e+06
1103000000 	 -870305.350063195 	 6.62844e+06
1104000000 	 -828602.257598418 	 6.57683e+06
1105000000 	 -786898.676140352 	 6.52522e+06
1106000000 	 -745295.094682296 	 6.47361e+06
1107000000 	 -703591.513224239 	 6.42201e+06
1108000000 	 -674297.598432837 	 6.31912e+06
1109000000 	 -649703.683641439 	 6.21603e+06
1110000000 	 -628509.768850045 	 6.11284e+06
1111000000 	 -607315.854058653 	 6.00965e+06
1112000000 	 -586121.939267256 	 5.90646e+06
1113000000 	 -564928.024475859 	 5.80327e+06
1114000000 	 -520048.160531926 	 5.7185e+06
1115000000 	 -475168.296587993 	 5.63373e+06
1116000000 	 -429217.757514545 	 5.53677e+06
1117000000 	 -378984.517923069 	 5.39153e+06
1118000000 	 -327351.278331604 	 5.25209e+06
1119000000 	 -279493.000339947 	 5.11052e+06
1120000000 	 -272026.021041957 	 4.92804e+06
1121000000 	 -264559.041743968 	 4.74556e+06
1122000000 	 -257092.062445980 	 4.56308e+06
1123000000 	 -249602.808243491 	 4.38072e+06
1124000000 	 -242113.554041000 	 4.19826e+06
1125000000 	 -231869.455171843 	 4.01886e+06
1126000000 	 -196731.754302690 	 3.86701e+06
1127000000 	 -155794.053433538 	 3.71186e+06
1128000000 	 -119240.457446815 	 3.61395e+06
1129000000 	 -87972.6069078264 	 3.57398e+06
1130000000 	 -56704.7563688433 	 3.534e+06
1131000000 	 -26254.0364965267 	 3.49596e+06
1132000000 	 -3257.49262420397 	 3.47432e+06
1133000000 	 19839.0512481173 	 3.45268e+06
1134000000 	 42934.8434425821 	 3.43105e+06
1135000000 	 66030.3134893946 	 3.40942e+06
1136000000 	 82925.7835362134 	 3.38248e+06
1137000000 	 99925.5869163645 	 3.35694e+06
1138000000 	 118764.390296512 	 3.34482e+06
1139000000 	 137603.193676659 	 3.3327e+06
1140000000 	 156441.997056810 	 3.32058e+06
1141000000 	 175280.800436961 	 3.30836e+06
1142000000 	 194019.603817108 	 3.29623e+06
1143000000 	 210731.657197261 	 3.28525e+06
1144000000 	 207902.960577409 	 3.28527e+06
1145000000 	 201674.263957558 	 3.292e+06
1146000000 	 195445.567337708 	 3.29873e+06
1147000000 	 189216.870717858 	 3.30545e+06
1148000000 	 182988.174098006 	 3.31218e+06
1149000000 	 184800.852981510 	 3.29144e+06
1150000000 	 258969.938240845 	 3.02345e+06
1151000000 	 333139.023500181 	 2.75547e+06
1152000000 	 407308.108759532 	 2.48748e+06
1153000000 	 483577.194018885 	 2.21979e+06
1154000000 	 565946.279278220 	 1.95301e+06
1155000000 	 656265.611712677 	 1.70684e+06
1156000000 	 817237.168723451 	 1.64727e+06
1157000000 	 978208.725734225 	 1.58759e+06
1158000000 	 1139180.28274496 	 1.52802e+06
1159000000 	 1300051.83975570 	 1.46844e+06
1160000000 	 1461023.39676648 	 1.40877e+06
1161000000 	 1566426.95942697 	 1.36544e+06
1162000000 	 1449158.54468633 	 1.38368e+06
1163000000 	 1331090.12994569 	 1.39643e+06
1164000000 	 1213123.38835938 	 1.40918e+06
1165000000 	 1095056.83267911 	 1.42203e+06
1166000000 	 977090.276998872 	 1.43479e+06
1167000000 	 883817.054651935 	 1.44229e+06
1168000000 	 889217.165638349 	 1.42879e+06
1169000000 	 894717.276624762 	 1.41529e+06
1170000000 	 900117.387611175 	 1.40178e+06
1171000000 	 901417.498597588 	 1.38988e+06
1172000000 	 898717.609584001 	 1.37958e+06
1173000000 	 900846.053903747 	 1.36868e+06
1174000000 	 922787.831556825 	 1.35487e+06
1175000000 	 942643.781267756 	 1.36561e+06
1176000000 	 959620.989065467 	 1.41326e+06
1177000000 	 976498.196863180 	 1.46082e+06
1178000000 	 993475.404660887 	 1.50837e+06
1179000000 	 1060861.35966211 	 1.57769e+06
1180000000 	 1333873.98133010 	 1.73876e+06
1181000000 	 1608786.60299809 	 1.90242e+06
1182000000 	 1883699.22466601 	 2.06609e+06
1183000000 	 2158611.84633394 	 2.22965e+06
1184000000 	 2433524.46800192 	 2.39331e+06
1185000000 	 2682143.75633658 	 2.47371e+06
1186000000 	 2825089.71133785 	 2.22093e+06
1187000000 	 2966616.05073168 	 1.96906e+06
1188000000 	 3102463.92769572 	 1.72041e+06
1189000000 	 3242811.80465977 	 1.46645e+06
1190000000 	 3384459.68162379 	 1.2111e+06
1191000000 	 3422372.41734499 	 1.03168e+06
1192000000 	 3045844.58809429 	 1.15638e+06
1193000000 	 2669316.99709862 	 1.28109e+06
1194000000 	 2292691.55039835 	 1.4058e+06
1195000000 	 1916166.10369806 	 1.53062e+06
1196000000 	 1539640.65699770 	 1.65534e+06
1197000000 	 1268710.42216174 	 1.73552e+06
1198000000 	 1236969.01500943 	 1.7088e+06
1199000000 	 1204627.60785714 	 1.68177e+06
1200000000 	 1172186.20070484 	 1.65474e+06
1201000000 	 1139744.79355254 	 1.62762e+06
1202000000 	 1107403.38640023 	 1.60059e+06
1203000000 	 1078657.37924794 	 1.59635e+06
1204000000 	 1058633.97209564 	 1.64529e+06
1205000000 	 1038510.56494333 	 1.69412e+06
1206000000 	 1018387.15779103 	 1.74335e+06
1207000000 	 997063.750638735 	 1.80078e+06
1208000000 	 975640.875030061 	 1.85811e+06
1209000000 	 1000603.82559584 	 1.89246e+06
1210000000 	 1133562.07616168 	 1.87281e+06
1211000000 	 1266520.32672749 	 1.85326e+06
1212000000 	 1399478.57729330 	 1.83361e+06
1213000000 	 1532436.82785914 	 1.81406e+06
1214000000 	 1665295.07842498 	 1.79441e+06
1215000000 	 1759380.72899080 	 1.79638e+06
1216000000 	 1765996.97955662 	 1.84801e+06
1217000000 	 1772613.23012244 	 1.89964e+06
1218000000 	 1779229.48068826 	 1.95117e+06
1219000000 	 1785845.73125408 	 2.0028e+06
1220000000 	 1792461.98181990 	 2.05444e+06
1221000000 	 1794553.73238572 	 2.11395e+06
1222000000 	 1786188.31628488 	 2.19184e+06
1223000000 	 1777723.80375450 	 2.26974e+06
1224000000 	 1768061.39955522 	 2.34536e+06
1225000000 	 1755898.99535594 	 2.41597e+06
1226000000 	 1743736.59115666 	 2.48658e+06
1227000000 	 1722104.94119467 	 2.56783e+06
1228000000 	 1678278.38445302 	 2.67424e+06
1229000000 	 1634551.82771136 	 2.78064e+06
1230000000 	 1590825.27096971 	 2.88694e+06
1231000000 	 1547098.71422806 	 2.99335e+06
1232000000 	 1503272.15748641 	 3.09975e+06
1233000000 	 1564175.92842836 	 3.15637e+06
1234000000 	 1779994.60486511 	 3.12881e+06
1235000000 	 1994871.60157438 	 3.09722e+06
1236000000 	 2209648.59828365 	 3.06572e+06
1237000000 	 2424525.59499297 	 3.03413e+06
1238000000 	 2639403.70759490 	 3.00265e+06
1239000000 	 2648246.42394625 	 3.00625e+06
1240000000 	 2348282.14029764 	 3.06269e+06
1241000000 	 2048217.85664896 	 3.11904e+06
1242000000 	 1752253.57300028 	 3.17769e+06
1243000000 	 1459189.28935166 	 3.23794e+06
1244000000 	 1166225.00570305 	 3.29819e+06
1245000000 	 1246922.05538766 	 3.17857e+06
1246000000 	 1888361.10507242 	 2.78915e+06
1247000000 	 2527708.49658850 	 2.40062e+06
1248000000 	 3166723.48164142 	 2.01219e+06
1249000000 	 3805838.46669447 	 1.62376e+06
1250000000 	 4444853.45174753 	 1.23533e+06
1251000000 	 4563628.43680050 	 942973
1252000000 	 3900543.42185356 	 800632
1253000000 	 3237459.94247694 	 658405
1254000000 	 2574278.76645602 	 516096
1255000000 	 1911197.59043525 	 373888
1256000000 	 1248016.41441449 	 231580
1257000000 	 864681.238393540 	 201772
1258000000 	 900965.062372702 	 340494
1259000000 	 937150.775067008 	 479237
1260000000 	 966653.486197673 	 618498
1261000000 	 994756.197328345 	 757858
1262000000 	 1022858.90845902 	 897219
1263000000 	 1043136.60264053 	 1.00387e+06
1264000000 	 1051426.77139832 	 1.06146e+06
1265000000 	 1059716.94015610 	 1.11906e+06
1266000000 	 1068007.10891389 	 1.17665e+06
1267000000 	 1076397.27767168 	 1.23423e+06
1268000000 	 1084689.23502007 	 1.29184e+06
1269000000 	 1090415.75214550 	 1.34437e+06
1270000000 	 1090775.04045738 	 1.38417e+06
1271000000 	 1091134.32876926 	 1.42397e+06
1272000000 	 1091393.61708113 	 1.46377e+06
1273000000 	 1091752.90539301 	 1.50357e+06
1274000000 	 1092012.19370489 	 1.54337e+06
1275000000 	 1099597.73201676 	 1.58786e+06
1276000000 	 1114309.52032864 	 1.63703e+06
1277000000 	 1129821.30864051 	 1.6857e+06
1278000000 	 1151833.09695239 	 1.72985e+06
1279000000 	 1173944.88526427 	 1.774e+06
1280000000 	 1195956.67357614 	 1.81815e+06
1281000000 	 1211750.54522135 	 1.82189e+06
1282000000 	 1221126.50019990 	 1.78523e+06
1283000000 	 1230503.46994354 	 1.74862e+06
1284000000 	 1239981.11619725 	 1.71203e+06
1285000000 	 1249358.76245096 	 1.67544e+06
1286000000 	 1257136.40870467 	 1.63748e+06
1287000000 	 1251935.80495838 	 1.62088e+06
1288000000 	 1239156.95121210 	 1.63015e+06
1289000000 	 1226378.09746581 	 1.63942e+06
1290000000 	 1213499.24371952 	 1.64869e+06
1291000000 	 1200720.38997323 	 1.65796e+06
1292000000 	 1187941.53622694 	 1.66722e+06
1293000000 	 1183766.23841478 	 1.6833e+06
1294000000 	 1184489.60726928 	 1.70736e+06
1295000000 	 1183512.97612379 	 1.73441e+06
1296000000 	 1179536.34497829 	 1.76667e+06
1297000000 	 1175659.71383280 	 1.79892e+06
1298000000 	 1171779.73302288 	 1.83125e+06
1299000000 	 1184927.21918485 	 1.83775e+06
1300000000 	 1215103.60788920 	 1.8184e+06
1301000000 	 1245179.99659356 	 1.79905e+06
1302000000 	 1275356.38529791 	 1.7797e+06
1303000000 	 1305532.77400226 	 1.76034e+06
1304000000 	 1339909.16270661 	 1.74223e+06
1305000000 	 1437953.56836011 	 1.79608e+06
1306000000 	 1575385.78899519 	 1.89731e+06
1307000000 	 1712392.32263210 	 1.99876e+06
1308000000 	 1849298.85626901 	 2.1002e+06
1309000000 	 1986305.38990595 	 2.20166e+06
1310000000 	 2123311.92354289 	 2.30311e+06
1311000000 	 2072427.75717982 	 2.3029e+06
1312000000 	 1896449.79081676 	 2.23492e+06
1313000000 	 1720555.70633286 	 2.16173e+06
1314000000 	 1544857.59231876 	 2.08545e+06
1315000000 	 1369159.47830470 	 2.00917e+06
1316000000 	 1193361.36429064 	 1.93288e+06
1317000000 	 1123026.65027652 	 1.90198e+06
1318000000 	 1122934.20292911 	 1.90133e+06
1319000000 	 1122741.75558169 	 1.90067e+06
1320000000 	 1122649.30823427 	 1.90002e+06
1321000000 	 1122456.86088686 	 1.89937e+06
1322000000 	 1116564.41353944 	 1.89993e+06
1323000000 	 1112800.26619203 	 1.90987e+06
1324000000 	 1111488.31884461 	 1.9258e+06
1325000000 	 1110176.37149719 	 1.94173e+06
1326000000 	 1108964.42414978 	 1.95767e+06
1327000000 	 1107652.47680236 	 1.9736e+06
1328000000 	 1106402.96166971 	 1.98983e+06
1329000000 	 1120044.78344980 	 1.98919e+06
1330000000 	 1143442.87189658 	 1.97729e+06
1331000000 	 1170240.96034335 	 1.97092e+06
1332000000 	 1197539.04879011 	 1.9652e+06
1333000000 	 1224837.13723687 	 1.95947e+06
1334000000 	 1252035.22568364 	 1.95375e+06
1335000000 	 1273765.11752025 	 1.94607e+06
1336000000 	 1291682.87828340 	 1.93709e+06
1337000000 	 1309700.63904655 	 1.92811e+06
1338000000 	 1327618.39980970 	 1.91913e+06
1339000000 	 1345736.16057285 	 1.90999e+06
1340000000 	 1368553.92133600 	 1.89575e+06
1341000000 	 1381260.27814435 	 1.89981e+06
1342000000 	 1389676.03325779 	 1.91169e+06
1343000000 	 1398136.57177167 	 1.92252e+06
1344000000 	 1406497.11028555 	 1.93335e+06
1345000000 	 1414957.64879943 	 1.94417e+06
1346000000 	 1423318.18731331 	 1.955e+06
1347000000 	 1423973.14249386 	 1.97314e+06
1348000000 	 1420182.84767441 	 1.99399e+06
1349000000 	 1411192.55285496 	 2.01264e+06
1350000000 	 1402302.25803551 	 2.03129e+06
1351000000 	 1393277.83334435 	 2.04971e+06
1352000000 	 1384273.77228586 	 2.06755e+06
1353000000 	 1384326.87789404 	 2.08935e+06
1354000000 	 1388404.48350222 	 2.11285e+06
1355000000 	 1392382.08911040 	 2.13635e+06
1356000000 	 1396459.69471859 	 2.15985e+06
1357000000 	 1400237.30032677 	 2.18538e+06
1358000000 	 1403103.26951437 	 2.21571e+06
1359000000 	 1397277.57203530 	 2.23291e+06
1360000000 	 1387626.87455623 	 2.24447e+06
1361000000 	 1378076.17707717 	 2.25604e+06
1362000000 	 1368525.47959810 	 2.2676e+06
1363000000 	 1358874.78211903 	 2.27917e+06
1364000000 	 1349324.08463996 	 2.29074e+06
1365000000 	 1359899.43005015 	 2.3635e+06
1366000000 	 1381812.28035074 	 2.46221e+06
1367000000 	 1407425.13065133 	 2.56025e+06
1368000000 	 1433137.98095191 	 2.65828e+06
1369000000 	 1458750.83125249 	 2.75631e+06
1370000000 	 1484463.68155307 	 2.85435e+06
1371000000 	 1528229.89484801 	 2.72757e+06
1372000000 	 1579940.88676084 	 2.50469e+06
1373000000 	 1633234.77182804 	 2.28414e+06
1374000000 	 1686428.65689525 	 2.06359e+06
1375000000 	 1737822.54196245 	 1.83983e+06
1376000000 	 1787716.42702965 	 1.61351e+06
1377000000 	 1811860.27819855 	 1.62926e+06
1378000000 	 1829466.62089287 	 1.70552e+06
1379000000 	 1847172.96358719 	 1.78179e+06
1380000000 	 1864879.30628151 	 1.85805e+06
1381000000 	 1882585.64897583 	 1.93433e+06
1382000000 	 1900291.99167015 	 2.0106e+06
1383000000 	 1873477.00103115 	 1.94831e+06
1384000000 	 1832356.67705880 	 1.85465e+06
1385000000 	 1789736.35308646 	 1.76242e+06
1386000000 	 1747216.02911411 	 1.67019e+06
1387000000 	 1704944.21373236 	 1.57838e+06
1388000000 	 1664066.43271304 	 1.48826e+06
1389000000 	 1602227.31836040 	 1.55909e+06
1390000000 	 1535147.87067439 	 1.67016e+06
1391000000 	 1468068.42298840 	 1.78123e+06
1392000000 	 1401088.97530241 	 1.89231e+06
1393000000 	 1338709.52761642 	 2.00574e+06
1394000000 	 1277430.07993042 	 2.11968e+06
1395000000 	 1372367.96557774 	 2.15265e+06
1396000000 	 1506360.18455841 	 2.16538e+06
1397000000 	 1640252.40353907 	 2.17812e+06
1398000000 	 1774244.62251976 	 2.19085e+06
1399000000 	 1908236.84150046 	 2.20358e+06
1400000000 	 2042129.06048112 	 2.21631e+06
1401000000 	 2002269.27946180 	 2.15823e+06
1402000000 	 1928493.33065723 	 2.07949e+06
1403000000 	 1874526.65702044 	 2.00825e+06
1404000000 	 1820459.98338367 	 1.93702e+06
1405000000 	 1766493.30974690 	 1.86578e+06
1406000000 	 1712526.63611012 	 1.79454e+06
1407000000 	 1709251.16247335 	 1.83983e+06
1408000000 	 1718773.48883657 	 1.91425e+06
1409000000 	 1728195.81519979 	 1.98867e+06
1410000000 	 1737141.63456329 	 2.0631e+06
1411000000 	 1740410.94692704 	 2.13807e+06
1412000000 	 1743580.25929080 	 2.21303e+06
1413000000 	 1748692.39297925 	 2.25011e+06
1414000000 	 1754396.13782290 	 2.27773e+06
1415000000 	 1759999.88266655 	 2.30534e+06
1416000000 	 1765603.62751020 	 2.33296e+06
1417000000 	 1745167.21128005 	 2.33567e+06
1418000000 	 1685420.55343913 	 2.30103e+06
1419000000 	 1956533.98034402 	 2.12567e+06
1420000000 	 2266542.97222059 	 1.93915e+06
1421000000 	 2576451.96409715 	 1.75263e+06
1422000000 	 2886460.95597379 	 1.56611e+06
1423000000 	 3196369.94785036 	 1.37959e+06
1424000000 	 3506378.93972700 	 1.19308e+06
1425000000 	 3242410.38161441 	 1.25936e+06
1426000000 	 2914947.70873493 	 1.35377e+06
1427000000 	 2587385.03585552 	 1.44816e+06
1428000000 	 2261722.36297604 	 1.54114e+06
1429000000 	 1939159.69009663 	 1.63152e+06
1430000000 	 1616697.01721715 	 1.72189e+06
1431000000 	 1542542.14433771 	 1.79334e+06
1432000000 	 1512172.43342694 	 1.89175e+06
1433000000 	 1497787.01781819 	 2.01923e+06
1434000000 	 1483501.60220943 	 2.1467e+06
1435000000 	 1469116.18660068 	 2.27417e+06
1436000000 	 1454830.77099193 	 2.40164e+06
1437000000 	 1596201.70538316 	 2.08963e+06
1438000000 	 1752467.78977442 	 1.72726e+06
1439000000 	 1908733.87416565 	 1.3649e+06
1440000000 	 2064999.95855692 	 1.00253e+06
1441000000 	 2221266.04294815 	 640172
1442000000 	 2377532.12733941 	 277811
1443000000 	 2302634.71173067 	 414352
1444000000 	 2202052.46278857 	 606326
1445000000 	 2101470.21384650 	 798290
1446000000 	 1999687.96490440 	 994134
1447000000 	 1898651.80992206 	 1.18746e+06
1448000000 	 1798413.05091285 	 1.37754e+06
1449000000 	 1774920.31732738 	 1.43417e+06
1450000000 	 1759954.91990010 	 1.47597e+06
1451000000 	 1744989.52247282 	 1.51778e+06
1452000000 	 1730024.12504554 	 1.55959e+06
1453000000 	 1715158.72761826 	 1.60139e+06
1454000000 	 1700193.33019098 	 1.64319e+06
1455000000 	 1736519.57118178 	 1.66964e+06
1456000000 	 1774445.81217258 	 1.69608e+06
1457000000 	 1812372.05316338 	 1.72253e+06
1458000000 	 1850298.29415418 	 1.74898e+06
1459000000 	 1888224.53514498 	 1.77542e+06
1460000000 	 1926150.77613578 	 1.80187e+06
1461000000 	 1910828.68379325 	 1.86764e+06
1462000000 	 1895640.51091380 	 1.93218e+06
1463000000 	 1880466.87494711 	 1.9962e+06
1464000000 	 1863493.23898042 	 2.05485e+06
1465000000 	 1846319.60301372 	 2.1128e+06
1466000000 	 1829045.96704703 	 2.17076e+06
1467000000 	 1811912.33108033 	 2.03538e+06
1468000000 	 1794778.69511364 	 1.89999e+06
1469000000 	 1777508.05744337 	 1.76443e+06
1470000000 	 1760328.16934720 	 1.62883e+06
1471000000 	 1743148.28125104 	 1.49321e+06
1472000000 	 1725768.39315487 	 1.35766e+06
1473000000 	 1905551.83839202 	 1.42094e+06
1474000000 	 2085435.28362920 	 1.48423e+06
1475000000 	 2265218.72886635 	 1.54752e+06
1476000000 	 2445002.17410354 	 1.6108e+06
1477000000 	 2624755.26157782 	 1.67356e+06
1478000000 	 2804500.75961143 	 1.7362e+06
1479000000 	 2672767.92431170 	 1.74221e+06
1480000000 	 2541035.08901194 	 1.74822e+06
1481000000 	 2410002.25371221 	 1.75479e+06
1482000000 	 2283169.41841245 	 1.7646e+06
1483000000 	 2156336.58311271 	 1.77441e+06
1484000000 	 2034214.17425443 	 1.78254e+06
1485000000 	 2011337.10089999 	 1.85184e+06
1486000000 	 1988560.02754554 	 1.92114e+06
1487000000 	 1965782.95419109 	 1.99044e+06
1488000000 	 1943005.88083664 	 2.05975e+06
1489000000 	 1920128.80748220 	 2.12905e+06
1490000000 	 1899583.94966447 	 2.17533e+06
1491000000 	 1894629.03167726 	 2.02511e+06
1492000000 	 1889549.16943948 	 1.87465e+06
1493000000 	 1884563.07113906 	 1.72412e+06
1494000000 	 1879476.97283865 	 1.5736e+06
1495000000 	 1874490.87453823 	 1.42308e+06
1496000000 	 1871261.22623782 	 1.29286e+06
1497000000 	 1884839.62793740 	 1.34527e+06
1498000000 	 1898418.02963699 	 1.3977e+06
1499000000 	 1909396.43133657 	 1.44989e+06
1500000000 	 1916974.83303616 	 1.50175e+06
1501000000 	 1924553.23473574 	 1.55361e+06
1502000000 	 1932864.20310199 	 1.602e+06
1503000000 	 1948768.27146824 	 1.61912e+06
1504000000 	 1964572.33983450 	 1.63624e+06
1505000000 	 1980476.40820075 	 1.65337e+06
1506000000 	 1996380.47656700 	 1.6705e+06
1507000000 	 2012163.86909432 	 1.68747e+06
1508000000 	 2030965.68097288 	 1.70637e+06
1509000000 	 2070353.94285143 	 1.71524e+06
1510000000 	 2109642.20472998 	 1.72411e+06
1511000000 	 2149030.46660854 	 1.73298e+06
1512000000 	 2188418.72848710 	 1.74186e+06
1513000000 	 2227706.99036565 	 1.75073e+06
1514000000 	 2261211.40224422 	 1.75873e+06
1515000000 	 2241761.16412277 	 1.75895e+06
1516000000 	 2222210.92600133 	 1.75916e+06
1517000000 	 2206460.68787988 	 1.75751e+06
1518000000 	 2192310.44975844 	 1.75498e+06
1519000000 	 2178160.21163700 	 1.75246e+06
1520000000 	 2165655.56956075 	 1.74636e+06
1521000000 	 2167961.29189128 	 1.70814e+06
1522000000 	 2170351.43032920 	 1.6698e+06
1523000000 	 2172641.56876711 	 1.63147e+06
1524000000 	 2174931.70720503 	 1.59313e+06
1525000000 	 2177221.84564294 	 1.5548e+06
1526000000 	 2191299.19199044 	 1.51959e+06
1527000000 	 2266123.21665731 	 1.50959e+06
1528000000 	 2340927.86145247 	 1.49954e+06
1529000000 	 2415632.50624761 	 1.4895e+06
1530000000 	 2490437.15104275 	 1.47946e+06
1531000000 	 2565241.79583791 	 1.46941e+06
1532000000 	 2617468.94063307 	 1.46584e+06
1533000000 	 2579886.08542822 	 1.48807e+06
1534000000 	 2542303.23022338 	 1.51031e+06
1535000000 	 2501920.37501852 	 1.53771e+06
1536000000 	 2461437.00639085 	 1.56538e+06
1537000000 	 2420849.01695781 	 1.59299e+06
1538000000 	 2390324.16085810 	 1.6148e+06
1539000000 	 2399651.83809173 	 1.61339e+06
1540000000 	 2408879.51532536 	 1.61198e+06
1541000000 	 2418207.19255898 	 1.61057e+06
1542000000 	 2427434.86979261 	 1.60916e+06
1543000000 	 2415223.36957381 	 1.60846e+06
1544000000 	 2320355.55954526 	 1.61362e+06
1545000000 	 2226389.34951673 	 1.62878e+06
1546000000 	 2132423.13948820 	 1.64394e+06
1547000000 	 2038456.92945966 	 1.65909e+06
1548000000 	 1944390.71943111 	 1.67425e+06
1549000000 	 1850424.50940258 	 1.68941e+06
1550000000 	 1755639.46604072 	 1.70692e+06
1551000000 	 1658074.89739919 	 1.7339e+06
1552000000 	 1560293.56097246 	 1.7595e+06
1553000000 	 1461712.22454570 	 1.78013e+06
1554000000 	 1363130.88811896 	 1.80077e+06
1555000000 	 1264549.55169220 	 1.82139e+06
1556000000 	 1169718.31583043 	 1.82399e+06
1557000000 	 1089887.48222853 	 1.75444e+06
1558000000 	 1010056.64862665 	 1.6849e+06
1559000000 	 930325.815024750 	 1.61534e+06
1560000000 	 850494.981422868 	 1.5458e+06
1561000000 	 768664.147820970 	 1.47715e+06
1562000000 	 675701.163371639 	 1.43976e+06
1563000000 	 565629.826944877 	 1.47133e+06
1564000000 	 455558.490518141 	 1.50289e+06
1565000000 	 345587.154091380 	 1.53445e+06
1566000000 	 235515.268000214 	 1.56601e+06
1567000000 	 125442.099358688 	 1.59754e+06
1568000000 	 17092.7807171858 	 1.62395e+06
1569000000 	 -87234.2212576741 	 1.63842e+06
1570000000 	 -189361.223232509 	 1.65529e+06
1571000000 	 -289188.225207368 	 1.67476e+06
1572000000 	 -389015.227182204 	 1.69423e+06
1573000000 	 -488842.229157063 	 1.71371e+06
1574000000 	 -584641.631131902 	 1.72004e+06
1575000000 	 -671376.633106758 	 1.69573e+06
1576000000 	 -758111.635081596 	 1.67142e+06
1577000000 	 -844846.637056451 	 1.64711e+06
1578000000 	 -931581.639031289 	 1.6228e+06
1579000000 	 -1015816.64100615 	 1.59506e+06
1580000000 	 -1102365.99298098 	 1.58138e+06
1581000000 	 -1197817.39562698 	 1.60555e+06
1582000000 	 -1293171.64927967 	 1.62971e+06
1583000000 	 -1388625.90293238 	 1.65385e+06
1584000000 	 -1484080.15658507 	 1.67801e+06
1585000000 	 -1579433.07424755 	 1.70216e+06
1586000000 	 -1679256.78075791 	 1.72179e+06
1587000000 	 -1789307.05037488 	 1.73083e+06
1588000000 	 -1904057.31999184 	 1.73819e+06
1589000000 	 -2020407.58960882 	 1.74496e+06
1590000000 	 -2136857.85922577 	 1.75172e+06
1591000000 	 -2253208.12884275 	 1.75849e+06
1592000000 	 -2354982.26040886 	 1.74612e+06
1593000000 	 -2422412.06985634 	 1.68907e+06
1594000000 	 -2489941.87930381 	 1.63202e+06
1595000000 	 -2557371.68875129 	 1.57498e+06
1596000000 	 -2624903.45121889 	 1.51792e+06
1597000000 	 -2693037.16670664 	 1.4669e+06
1598000000 	 -2781129.92626217 	 1.45226e+06
1599000000 	 -2899011.25191942 	 1.49095e+06
1600000000 	 -3016792.57757664 	 1.52963e+06
1601000000 	 -3134673.90323389 	 1.56832e+06
1602000000 	 -3252555.22889111 	 1.607e+06
1603000000 	 -3224889.64691101 	 1.62926e+06
1604000000 	 -3155540.89750055 	 1.63716e+06
1605000000 	 -3077935.64809006 	 1.62968e+06
1606000000 	 -2993930.39867960 	 1.62131e+06
1607000000 	 -2909925.14926912 	 1.61293e+06
1608000000 	 -2825919.89985865 	 1.60456e+06
1609000000 	 -2741914.65044817 	 1.59618e+06
1610000000 	 -2654094.13437103 	 1.5873e+06
1611000000 	 -2560652.72554221 	 1.57766e+06
1612000000 	 -2467112.65487894 	 1.56801e+06
1613000000 	 -2373572.58421566 	 1.55835e+06
1614000000 	 -2280432.51355240 	 1.5479e+06
1615000000 	 -2189792.44288914 	 1.53255e+06
1616000000 	 -2102608.97222586 	 1.51872e+06
1617000000 	 -2020860.40156258 	 1.50721e+06
1618000000 	 -1939111.83089932 	 1.49569e+06
1619000000 	 -1857263.26023606 	 1.48417e+06
1620000000 	 -1775514.68957277 	 1.47265e+06
1621000000 	 -1693766.11890949 	 1.46113e+06
1622000000 	 -1597964.81491290 	 1.4625e+06
1623000000 	 -1482634.41091631 	 1.4843e+06
1624000000 	 -1370604.00691969 	 1.50908e+06
1625000000 	 -1258673.60292308 	 1.53386e+06
1626000000 	 -1146644.67087279 	 1.55863e+06
1627000000 	 -1034616.72012005 	 1.5834e+06
1628000000 	 -936165.736598918 	 1.59513e+06
1629000000 	 -857830.203925248 	 1.58728e+06
1630000000 	 -779594.671251597 	 1.57944e+06
1631000000 	 -701259.138577945 	 1.5716e+06
1632000000 	 -620823.605904275 	 1.56495e+06
1633000000 	 -537288.073230606 	 1.56004e+06
1634000000 	 -451437.498184074 	 1.45473e+06
1635000000 	 -363271.880764661 	 1.24903e+06
1636000000 	 -275106.263345228 	 1.04333e+06
1637000000 	 -186940.645925795 	 837636
1638000000 	 -98775.0285063821 	 631938
1639000000 	 -10609.4110869687 	 426240
1640000000 	 57478.9563324663 	 351709
1641000000 	 105988.551604244 	 405067
1642000000 	 155297.494527017 	 455623
1643000000 	 204506.437449790 	 506178
1644000000 	 253815.380372575 	 556733
1645000000 	 303038.183602003 	 607226
1646000000 	 370004.810369181 	 629691
1647000000 	 454506.020469690 	 624170
1648000000 	 539107.230570218 	 618650
1649000000 	 623608.440670746 	 613140
1650000000 	 704109.650771256 	 607849
1651000000 	 782710.860871766 	 602669
1652000000 	 862767.904305626 	 591711
1653000000 	 944280.781072822 	 574984
1654000000 	 1025793.65784000 	 558247
1655000000 	 1107206.53460717 	 541510
1656000000 	 1188717.94023343 	 524777
1657000000 	 1270228.97807445 	 508032
1658000000 	 1354381.43258212 	 491721
1659000000 	 1442875.30375645 	 480475
1660000000 	 1531869.17493080 	 470358
1661000000 	 1620963.04610514 	 460241
1662000000 	 1661077.22314308 	 460180
1663000000 	 1652311.70604459 	 470174
1664000000 	 1638807.58018904 	 477158
1665000000 	 1620564.84557642 	 481112
1666000000 	 1602322.11096381 	 485066
1667000000 	 1584079.37635119 	 489029
1668000000 	 1570436.64173858 	 489713
1669000000 	 1557193.90712596 	 490177
1670000000 	 1550772.20302182 	 487948
1671000000 	 1549063.08771304 	 483928
1672000000 	 1547253.81334385 	 479897
1673000000 	 1545544.53897467 	 475866
1674000000 	 1543735.26460548 	 471845
1675000000 	 1542025.99023630 	 467814
1676000000 	 1533770.21586711 	 469384
1677000000 	 1516916.77483126 	 471591
1678000000 	 1499963.33379541 	 473808
1679000000 	 1483109.89275956 	 476026
1680000000 	 1466256.45172371 	 478243
1681000000 	 1449403.01068786 	 480460
1682000000 	 1439683.96965200 	 487632
1683000000 	 1434621.19528282 	 498106
1684000000 	 1429658.42091364 	 508580
1685000000 	 1424195.64654445 	 520224
1686000000 	 1417031.46277929 	 536442
1687000000 	 1409867.27901414 	 552671
1688000000 	 1404751.99524898 	 568781
1689000000 	 1401169.31148382 	 584812
1690000000 	 1397586.62771866 	 600844
1691000000 	 1394003.94395350 	 616876
1692000000 	 1390321.26018835 	 632907
1693000000 	 1386738.57642319 	 648939
1694000000 	 1361224.79265803 	 649313
1695000000 	 1323723.60889288 	 639424
1696000000 	 1286322.42512772 	 629526
1697000000 	 1248821.24136256 	 619638
1698000000 	 1211320.05759740 	 609749
1699000000 	 1173818.87383225 	 599861
1700000000 	 1155460.56053688 	 578946
1701000000 	 1149863.08146971 	 550676
1702000000 	 1144365.60240254 	 522407
1703000000 	 1138068.12333537 	 491367
1704000000 	 1131397.15874861 	 457289
1705000000 	 1124762.47354856 	 423224
1706000000 	 1123205.78665359 	 423526
1707000000 	 1125034.43196201 	 446724
1708000000 	 1126863.07727044 	 469931
1709000000 	 1128591.72257886 	 493138
1710000000 	 1130420.36788729 	 516335
1711000000 	 1132249.01319571 	 539543
1712000000 	 1103879.84381487 	 537733
1713000000 	 1061697.32528149 	 525610
1714000000 	 1019614.80674811 	 513486
1715000000 	 977431.984859023 	 501362
1716000000 	 935347.949547111 	 489245
1717000000 	 893163.914235209 	 477118
1718000000 	 870049.447256628 	 475023
1719000000 	 854964.795278056 	 477228
1720000000 	 839980.143299480 	 479433
1721000000 	 827746.395257520 	 483368
1722000000 	 813362.192763106 	 477568
1723000000 	 798977.990268695 	 471778
1724000000 	 780524.501107615 	 471155
1725000000 	 760327.031946538 	 472752
1726000000 	 740129.562785457 	 474348
1727000000 	 719932.093624380 	 475955
1728000000 	 699634.624463299 	 477551
1729000000 	 679437.155302222 	 479158
1730000000 	 673851.976098634 	 460345
1731000000 	 673856.962351425 	 434031
1732000000 	 673861.948604216 	 407727
1733000000 	 673866.934857007 	 381414
1734000000 	 673771.921109799 	 355100
1735000000 	 673776.907362589 	 328797
1736000000 	 661548.926948716 	 307591
1737000000 	 644078.246534842 	 288574
1738000000 	 626507.566120965 	 269567
1739000000 	 603436.885707092 	 249470
1740000000 	 580266.205293214 	 229373
1741000000 	 557095.524879342 	 209277
1742000000 	 538960.846160378 	 200088
1743000000 	 522984.453882098 	 195575
1744000000 	 507008.061603813 	 191061
1745000000 	 491031.008439627 	 186547
1746000000 	 475052.413208322 	 182032
1747000000 	 459173.817977022 	 178306
1748000000 	 443854.858903910 	 171825
1749000000 	 428550.808870350 	 163353
1750000000 	 413246.758836786 	 154891
1751000000 	 398042.708803225 	 146419
1752000000 	 382738.658769661 	 137957
1753000000 	 367434.608736100 	 129485
1754000000 	 352851.092035870 	 129234
1755000000 	 338447.708668975 	 131035
1756000000 	 325444.325302082 	 132296
1757000000 	 316540.941935184 	 132057
1758000000 	 307537.558568287 	 131818
1759000000 	 298534.175201393 	 131580
1760000000 	 282993.336800944 	 88848.8
1761000000 	 265690.815850154 	 35494.9
1762000000 	 248178.419836493 	 -17891.1
1763000000 	 229826.523571357 	 -71405.2
1764000000 	 211574.627306219 	 -124919
1765000000 	 191722.731041079 	 -180213
1766000000 	 172409.101442605 	 -181011
1767000000 	 153780.038510801 	 -167516
1768000000 	 135150.975578997 	 -154010
1769000000 	 116421.912647189 	 -140504
1770000000 	 97792.8497153825 	 -126998
1771000000 	 79163.7867835791 	 -113502
1772000000 	 86909.3905184329 	 -113484
1773000000 	 101248.660919964 	 -116838
1774000000 	 113687.931321494 	 -117672
1775000000 	 124518.258770001 	 -116252
1776000000 	 135239.643265489 	 -114828
1777000000 	 146061.027760979 	 -113405
1778000000 	 113138.536550247 	 -128078
1779000000 	 69287.9050816159 	 -146767
1780000000 	 25340.6287566919 	 -165443
1781000000 	 110096.058804408 	 -207451
1782000000 	 227000.425062690 	 -255286
1783000000 	 347404.791320998 	 -301950
1784000000 	 474699.217748770 	 -329853
1785000000 	 602548.095306515 	 -355748
1786000000 	 730396.972864230 	 -381633
1787000000 	 858245.850421975 	 -407529
1788000000 	 986094.727979690 	 -433414
1789000000 	 1113943.60553743 	 -459309
1790000000 	 1262122.13712199 	 -524048
1791000000 	 1412855.52139115 	 -593175
1792000000 	 1563688.90566027 	 -667023
1793000000 	 1714622.28992943 	 -742081
1794000000 	 1865555.67419855 	 -817149
1795000000 	 2016489.05846771 	 -892217
1796000000 	 2161846.04273683 	 -927107
1797000000 	 2306583.42700599 	 -957543
1798000000 	 2451320.81127511 	 -987979
1799000000 	 2596058.19554427 	 -1.01841e+06
1800000000 	 2740795.57981339 	 -1.04884e+06
1801000000 	 2880432.96408254 	 -1.07804e+06
1802000000 	 3028220.64835167 	 -1.14074e+06
1803000000 	 3176858.36595416 	 -1.20717e+06
1804000000 	 3325596.08355661 	 -1.2736e+06
1805000000 	 3473188.71391078 	 -1.33979e+06
1806000000 	 3620190.59258706 	 -1.40587e+06
1807000000 	 3767292.47126338 	 -1.47196e+06
1808000000 	 3918948.79993966 	 -1.50415e+06
1809000000 	 4071211.17861597 	 -1.53229e+06
1810000000 	 4226473.55729226 	 -1.55578e+06
1811000000 	 4381735.93596857 	 -1.57927e+06
1812000000 	 4536898.31464485 	 -1.60277e+06
1813000000 	 4692160.69332117 	 -1.62627e+06
1814000000 	 4816128.32030254 	 -1.65327e+06
1815000000 	 4936518.75265116 	 -1.68067e+06
1816000000 	 5057009.18499977 	 -1.70806e+06
1817000000 	 5177499.61734839 	 -1.73545e+06
1818000000 	 5298690.04969700 	 -1.76365e+06
1819000000 	 5423180.48204562 	 -1.79521e+06
1820000000 	 5565697.49450267 	 -1.84172e+06
1821000000 	 5708557.82531205 	 -1.88812e+06
1822000000 	 5851707.95848206 	 -1.93434e+06
1823000000 	 5994858.09165212 	 -1.98055e+06
1824000000 	 6138008.22482213 	 -2.02676e+06
1825000000 	 6281058.35799219 	 -2.07296e+06
1826000000 	 6428863.49116220 	 -2.11033e+06
1827000000 	 6575068.62433226 	 -2.14848e+06
1828000000 	 6717673.75750228 	 -2.18824e+06
1829000000 	 6860378.89067233 	 -2.22799e+06
1830000000 	 7003084.02384235 	 -2.26776e+06
1831000000 	 7145789.15701240 	 -2.30751e+06
1832000000 	 7301214.62351575 	 -2.33595e+06
1833000000 	 7456540.09001914 	 -2.36438e+06
1834000000 	 7611965.55652249 	 -2.39281e+06
1835000000 	 7767403.40557621 	 -2.42124e+06
1836000000 	 7922342.63046882 	 -2.44705e+06
1837000000 	 8076781.85536147 	 -2.46969e+06
1838000000 	 8231421.41358742 	 -2.52665e+06
1839000000 	 8386060.97181340 	 -2.58359e+06
1840000000 	 8440181.78710808 	 -2.58513e+06
1841000000 	 8343415.70848436 	 -2.50353e+06
1842000000 	 8246749.62986067 	 -2.42192e+06
1843000000 	 8150083.55123696 	 -2.34031e+06
1844000000 	 8023951.30594660 	 -2.21536e+06
1845000000 	 7901019.06065622 	 -2.09075e+06
1846000000 	 7780486.81536586 	 -1.96641e+06
1847000000 	 7659854.57007548 	 -1.84206e+06
1848000000 	 7539222.32478512 	 -1.71771e+06
1849000000 	 7418690.07949474 	 -1.59337e+06
1850000000 	 7304353.97766550 	 -1.50961e+06
1851000000 	 7190017.87583623 	 -1.42584e+06
1852000000 	 7075781.77400699 	 -1.34208e+06
1853000000 	 6961445.67217773 	 -1.25832e+06
1854000000 	 6845409.57034849 	 -1.17835e+06
1855000000 	 6734149.44902769 	 -1.10113e+06
1856000000 	 6672273.15228319 	 -1.03557e+06
1857000000 	 6610296.85553868 	 -970013
1858000000 	 6548320.55879418 	 -904465
1859000000 	 6486444.26204966 	 -838906
1860000000 	 6424467.96530516 	 -773347
1861000000 	 6353487.20189398 	 -703107
1862000000 	 6201466.23848282 	 -590633
1863000000 	 6045745.27507163 	 -475130
1864000000 	 5889324.42577681 	 -359106
1865000000 	 5732904.60352893 	 -243084
1866000000 	 5576384.78128108 	 -127063
1867000000 	 5424760.32569986 	 -12592.5
1868000000 	 5316294.17011868 	 88014.3
1869000000 	 5207828.01453747 	 188621
1870000000 	 5099361.85895629 	 289228
1871000000 	 4990895.70337508 	 389835
1872000000 	 4887029.54779389 	 493411
1873000000 	 4782307.22554602 	 597299
1874000000 	 4668979.40329817 	 703719
1875000000 	 4555651.58105029 	 810140
1876000000 	 4442423.75880244 	 916560
1877000000 	 4329095.93655456 	 1.02298e+06
1878000000 	 4215768.11430671 	 1.12941e+06
1879000000 	 4103068.16038098 	 1.23556e+06
1880000000 	 3995971.28813485 	 1.33921e+06
1881000000 	 3890368.24450879 	 1.4383e+06
1882000000 	 3784665.20088275 	 1.53738e+06
1883000000 	 3679062.15725670 	 1.63647e+06
1884000000 	 3573359.11363066 	 1.73555e+06
1885000000 	 3467654.75475037 	 1.83367e+06
1886000000 	 3360938.55858196 	 1.92304e+06
1887000000 	 3254222.36241353 	 2.01242e+06
1888000000 	 3147606.16624512 	 2.10179e+06
1889000000 	 3039589.97007669 	 2.19116e+06
1890000000 	 2927373.77390828 	 2.28047e+06
1891000000 	 2815520.80491499 	 2.37208e+06
1892000000 	 2704620.74462229 	 2.47284e+06
1893000000 	 2593820.68432957 	 2.57358e+06
1894000000 	 2482920.66430532 	 2.67433e+06
1895000000 	 2372120.80535488 	 2.77509e+06
1896000000 	 2261220.94640446 	 2.87584e+06
1897000000 	 2151148.90412068 	 2.97747e+06
1898000000 	 2044588.12850360 	 3.08474e+06
1899000000 	 1949340.78620858 	 3.18448e+06
1900000000 	 1946990.85342453 	 3.18616e+06
