0 0 -2.14855e+07
1000000 -10953654.1533669 -2.14855e+07
2000000 -7820702.39248533 -1.81941e+07
3000000 -6383590.90459572 -1.67233e+07
4000000 -5486466.39578190 -1.58247e+07
5000000 -4859684.00099654 -1.52106e+07
6000000 -4390885.21369005 -1.47625e+07
7000000 -4012601.80009778 -1.44109e+07
8000000 -3705999.70987923 -1.41361e+07
9000000 -3451512.70132802 -1.39183e+07
10000000 -3235136.03712749 -1.37437e+07
11000000 -3055507.15394918 -1.36107e+07
12000000 -2903581.20603032 -1.35097e+07
13000000 -2775079.55829608 -1.34363e+07
14000000 -2669382.14877901 -1.33897e+07
15000000 -2590660.00849352 -1.3374e+07
16000000 -2528551.18679609 -1.33775e+07
17000000 -2491595.08258806 -1.34078e+07
18000000 -2470241.13231549 -1.34536e+07
19000000 -2472118.00829130 -1.35208e+07
20000000 -2488958.41716605 -1.35964e+07
21000000 -2531370.03762936 -1.36871e+07
22000000 -2590326.54908872 -1.37793e+07
23000000 -2672324.60426610 -1.38752e+07
24000000 -2776396.95968656 -1.39695e+07
25000000 -2899779.96788455 -1.40562e+07
26000000 -3049638.26614136 -1.41394e+07
27000000 -3220807.63346254 -1.42109e+07
28000000 -3411756.34087103 -1.42676e+07
29000000 -3625195.00349121 -1.43127e+07
30000000 -3854684.30957202 -1.43404e+07
31000000 -4096616.69839925 -1.43476e+07
32000000 -4350556.09359711 -1.43345e+07
33000000 -4615364.23417173 -1.43005e+07
34000000 -4885622.84484082 -1.42412e+07
35000000 -5159253.29278257 -1.41559e+07
36000000 -5436500.97571464 -1.40459e+07
37000000 -5714852.54835021 -1.39112e+07
38000000 -5989571.27919368 -1.3751e+07
39000000 -6258076.31286822 -1.35664e+07
40000000 -6518434.58594752 -1.33594e+07
41000000 -6769907.98335748 -1.31335e+07
42000000 -7006399.91199302 -1.28867e+07
43000000 -7225573.90977549 -1.26201e+07
44000000 -7425094.62022928 -1.23348e+07
45000000 -7603680.34282574 -1.20327e+07
46000000 -7761452.35764620 -1.1717e+07
47000000 -7896042.37225319 -1.13881e+07
48000000 -8007205.99353375 -1.10483e+07
49000000 -8094608.59449868 -1.07007e+07
50000000 -8157667.97171968 -1.03487e+07
51000000 -8198149.02301504 -9.99845e+06
52000000 -8213374.54757333 -9.65098e+06
53000000 -8202389.98680096 -9.30917e+06
54000000 -8164558.26064933 -8.97622e+06
55000000 -8100821.39602695 -8.65416e+06
56000000 -8012526.36099297 -8.34471e+06
57000000 -7902745.62747534 -8.05136e+06
58000000 -7772224.07868437 -7.77451e+06
59000000 -7623279.37651027 -7.51505e+06
60000000 -7458684.49612786 -7.27449e+06
61000000 -7281018.75239919 -7.05434e+06
62000000 -7092861.21535140 -6.8561e+06
63000000 -6896797.28455199 -6.6813e+06
64000000 -6696448.73156333 -6.5314e+06
65000000 -6492135.41877081 -6.40442e+06
66000000 -6285529.49777816 -6.29979e+06
6.7e+07 -6078618.03582697 -6.21651e+06
68000000 -5873506.47171219 -6.15311e+06
69000000 -5672381.37411778 -6.10816e+06
70000000 -5477525.14461616 -6.08029e+06
71000000 -5291548.33660548 -6.06847e+06
72000000 -5117583.33723963 -6.07232e+06
73000000 -4955150.49741150 -6.08944e+06
74000000 -4805038.62270938 -6.11872e+06
75000000 -4668037.00076290 -6.15905e+06
76000000 -4544241.61212812 -6.20884e+06
77000000 -4433396.36116445 -6.26623e+06
78000000 -4335272.72719318 -6.32924e+06
79000000 -4249661.18127968 -6.39578e+06
80000000 -4177115.26205882 -6.46451e+06
81000000 -4117265.61570630 -6.53333e+06
82000000 -4069427.78761949 -6.60053e+06
83000000 -4033499.44439430 -6.66496e+06
84000000 -4009378.31960441 -6.7255e+06
85000000 -3996172.57459064 -6.78159e+06
86000000 -3992787.46901145 -6.83283e+06
87000000 -3997917.94793701 -6.87879e+06
88000000 -4010178.84087421 -6.91903e+06
89000000 -4028184.98263830 -6.95315e+06
90000000 -4051711.40741891 -6.98165e+06
91000000 -4079043.26088361 -7.00309e+06
92000000 -4109172.50944135 -7.0167e+06
93000000 -4141233.09432261 -7.02188e+06
94000000 -4174698.56069063 -7.01891e+06
95000000 -4209068.61305792 -7.00818e+06
96000000 -4243833.26458698 -6.99028e+06
97000000 -4278480.96919511 -6.96589e+06
98000000 -4312499.78761432 -6.93563e+06
99000000 -4345215.38666688 -6.90005e+06
100000000 -4375761.78283564 -6.85956e+06
101000000 -4404226.24796160 -6.81555e+06
102000000 -4428835.51900802 -6.76747e+06
103000000 -4449470.72576837 -6.71562e+06
104000000 -4466011.61247999 -6.66027e+06
105000000 -4478570.48022856 -6.60172e+06
106000000 -4487262.06323496 -6.54024e+06
107000000 -4492201.09612765 -6.47613e+06
108000000 -4493447.30912167 -6.40999e+06
109000000 -4491022.42668483 -6.34262e+06
110000000 -4484947.39027182 -6.27479e+06
111000000 -4475233.26160405 -6.20719e+06
112000000 -4461847.94780104 -6.14015e+06
113000000 -4445394.40868346 -6.0746e+06
114000000 -4425317.65988568 -6.01021e+06
115000000 -4401379.35069907 -5.94697e+06
116000000 -4373501.93450008 -5.885e+06
117000000 -4342029.66405927 -5.82446e+06
118000000 -4307467.01176185 -5.76552e+06
119000000 -4270318.09931180 -5.70837e+06
120000000 -4231002.97424547 -5.65322e+06
121000000 -4189768.07969078 -5.60037e+06
122000000 -4146824.67990818 -5.55006e+06
123000000 -4102290.95721613 -5.50266e+06
124000000 -4056285.09317386 -5.45851e+06
125000000 -4008925.26855484 -5.41799e+06
126000000 -3960422.77481230 -5.38104e+06
127000000 -3911449.88654694 -5.34803e+06
128000000 -3861542.77617620 -5.31808e+06
129000000 -3810923.76077651 -5.29103e+06
130000000 -3759910.98252334 -5.26678e+06
131000000 -3708869.77965551 -5.24528e+06
132000000 -3658241.48727284 -5.22654e+06
133000000 -3608467.12651729 -5.21059e+06
1.34e+08 -3559984.11760825 -5.19737e+06
135000000 -3512768.99291986 -5.18687e+06
136000000 -3466793.41870658 -5.1791e+06
137000000 -3422029.06028301 -5.17405e+06
138000000 -3378477.55558404 -5.17162e+06
139000000 -3336158.71617170 -5.17157e+06
140000000 -3295118.19969089 -5.17353e+06
141000000 -3255434.32152601 -5.17709e+06
142000000 -3217609.77753004 -5.18229e+06
143000000 -3181453.73539102 -5.18852e+06
144000000 -3146992.90202823 -5.19565e+06
145000000 -3114396.84643584 -5.20366e+06
146000000 -3083828.08691359 -5.21241e+06
147000000 -3055243.80105836 -5.22184e+06
148000000 -3028521.04417582 -5.23189e+06
149000000 -3003453.08377984 -5.24249e+06
150000000 -2979795.21348222 -5.25364e+06
151000000 -2957299.03125535 -5.2653e+06
152000000 -2935768.38951318 -5.27719e+06
153000000 -2915205.52207473 -5.28906e+06
154000000 -2895612.66183039 -5.30063e+06
155000000 -2876992.04074487 -5.31164e+06
156000000 -2859347.43546612 -5.32219e+06
157000000 -2842673.97928759 -5.33237e+06
158000000 -2826960.87804557 -5.34209e+06
159000000 -2812461.27370788 -5.35173e+06
160000000 -2799173.61358480 -5.36143e+06
161000000 -2786777.93495925 -5.37101e+06
162000000 -2775061.83042681 -5.38065e+06
163000000 -2763796.53314904 -5.39038e+06
164000000 -2752718.51351098 -5.39985e+06
165000000 -2741824.56405229 -5.40901e+06
166000000 -2731113.90900455 -5.41782e+06
167000000 -2720687.60324593 -5.4262e+06
168000000 -2710705.18531629 -5.43443e+06
169000000 -2701285.38368543 -5.44251e+06
170000000 -2692417.91779226 -5.45e+06
171000000 -2684092.91685963 -5.45708e+06
172000000 -2676300.50921463 -5.46391e+06
173000000 -2669025.35795093 -5.47065e+06
174000000 -2662339.19728809 -5.4781e+06
175000000 -2656200.18342822 -5.48635e+06
176000000 -2650344.33818521 -5.49442e+06
177000000 -2644650.05224262 -5.50223e+06
178000000 -2639065.14733114 -5.50974e+06
179000000 -2633871.64993290 -5.51719e+06
180000000 -2629325.00164208 -5.52619e+06
181000000 -2625578.31026974 -5.53676e+06
182000000 -2622290.79152000 -5.54683e+06
183000000 -2619470.81406135 -5.55642e+06
184000000 -2617115.38631048 -5.56562e+06
185000000 -2615170.93085401 -5.57456e+06
186000000 -2622088.61080061 -5.59266e+06
187000000 -2637481.32761382 -5.61971e+06
188000000 -2653096.22701405 -5.6467e+06
189000000 -2668844.01387859 -5.67353e+06
190000000 -2684635.39214312 -5.7001e+06
191000000 -2700428.26175331 -5.72633e+06
192000000 -2785920.20099533 -5.78244e+06
193000000 -2935814.27684133 -5.86611e+06
194000000 -3085929.87469086 -5.94944e+06
195000000 -3236392.61610120 -6.03244e+06
196000000 -3387328.12165190 -6.11514e+06
197000000 -3538658.34784661 -6.19765e+06
198000000 -3561162.15144032 -6.07314e+06
199000000 -3473872.93835862 -5.7724e+06
200000000 -3386881.71220826 -5.47188e+06
201000000 -3300170.05474612 -5.17159e+06
202000000 -3213525.86104147 -4.87128e+06
203000000 -3126918.70498793 -4.57083e+06
204000000 -3050119.29265362 -4.49918e+06
205000000 -2981321.96903209 -4.61458e+06
206000000 -2912611.16141286 -4.72968e+06
207000000 -2844090.40501143 -4.84452e+06
208000000 -2775863.23396515 -4.95917e+06
209000000 -2707949.39447328 -5.07368e+06
210000000 -2671661.01393660 -5.12805e+06
211000000 -2659223.04966640 -5.13707e+06
212000000 -2646878.61506921 -5.14607e+06
213000000 -2634510.97125167 -5.15511e+06
214000000 -2622026.09685216 -5.16421e+06
215000000 -2609431.13917919 -5.17325e+06
216000000 -2605318.57946647 -5.17911e+06
217000000 -2607076.30791432 -5.18259e+06
218000000 -2608759.41395087 -5.18576e+06
219000000 -2610392.89716246 -5.18862e+06
220000000 -2612029.37950259 -5.19122e+06
221000000 -2613732.54931974 -5.19366e+06
222000000 -2614914.16422143 -5.19428e+06
223000000 -2615796.35399400 -5.19371e+06
224000000 -2616727.66105390 -5.19317e+06
225000000 -2617797.96986765 -5.19287e+06
226000000 -2618635.70493002 -5.19257e+06
227000000 -2619220.10578580 -5.19225e+06
228000000 -2619878.57659615 -5.19057e+06
229000000 -2620519.07971925 -5.18794e+06
230000000 -2620982.23266326 -5.18508e+06
231000000 -2621316.47600853 -5.18188e+06
232000000 -2621565.05493512 -5.17835e+06
233000000 -2621764.83050489 -5.17458e+06
234000000 -2622028.51794944 -5.17008e+06
235000000 -2622356.38099297 -5.16522e+06
236000000 -2622675.54248708 -5.16032e+06
237000000 -2622955.96670286 -5.1554e+06
238000000 -2623069.40310606 -5.15044e+06
239000000 -2622926.06753471 -5.1454e+06
240000000 -2622476.56037511 -5.13991e+06
241000000 -2621708.76319156 -5.13408e+06
242000000 -2620684.68959649 -5.12801e+06
243000000 -2619486.22941295 -5.12165e+06
244000000 -2618183.91162677 -5.11494e+06
245000000 -2616797.67880020 -5.10791e+06
246000000 -2615364.78739658 -5.10037e+06
247000000 -2613872.73169557 -5.09251e+06
248000000 -2612309.30024972 -5.08456e+06
249000000 -2610672.04209430 -5.07659e+06
250000000 -2608903.25754598 -5.06861e+06
251000000 -2606923.11011302 -5.06055e+06
252000000 -2604856.50144964 -5.05241e+06
253000000 -2602498.00550304 -5.04406e+06
254000000 -2599811.19697533 -5.03552e+06
255000000 -2596827.21636439 -5.02675e+06
256000000 -2593632.34646511 -5.01774e+06
257000000 -2590312.86843714 -5.00846e+06
258000000 -2586956.36464518 -4.9988e+06
259000000 -2583546.57050959 -4.98888e+06
260000000 -2580048.95917342 -4.97885e+06
261000000 -2576429.56047673 -4.96881e+06
262000000 -2572656.99960857 -4.95881e+06
263000000 -2568703.09145317 -4.94886e+06
264000000 -2564517.03586821 -4.93886e+06
265000000 -2560053.64678346 -4.92879e+06
266000000 -2555264.81025674 -4.91861e+06
2.67e+08 -2550097.28983824 -4.90825e+06
2.68e+08 -2544638.49818970 -4.89773e+06
269000000 -2538978.82954285 -4.88707e+06
270000000 -2533164.15200406 -4.87629e+06
271000000 -2527259.47798653 -4.86541e+06
272000000 -2521279.74304067 -4.85448e+06
273000000 -2515190.90531895 -4.84355e+06
274000000 -2508927.66206442 -4.83271e+06
275000000 -2502424.70879828 -4.82203e+06
276000000 -2495523.92719836 -4.81189e+06
277000000 -2488269.99811629 -4.80201e+06
278000000 -2480674.99366046 -4.7922e+06
279000000 -2472718.37719794 -4.7824e+06
280000000 -2464407.23395581 -4.77259e+06
281000000 -2455759.71506409 -4.76277e+06
282000000 -2449697.53970853 -4.7496e+06
283000000 -2444428.66273524 -4.73567e+06
284000000 -2438998.62347616 -4.72188e+06
285000000 -2433435.57645157 -4.7083e+06
286000000 -2427657.38664954 -4.69497e+06
287000000 -2421581.91738032 -4.68197e+06
288000000 -2410700.76430949 -4.67402e+06
289000000 -2398160.51837906 -4.66777e+06
290000000 -2385187.59426080 -4.6619e+06
291000000 -2371789.33179588 -4.65637e+06
292000000 -2357981.58987931 -4.65112e+06
293000000 -2343780.22578969 -4.64612e+06
294000000 -2330748.64350814 -4.63955e+06
295000000 -2317806.21414592 -4.63286e+06
296000000 -2304636.79421712 -4.62657e+06
297000000 -2291288.27806005 -4.62078e+06
298000000 -2277732.22295347 -4.61553e+06
299000000 -2264004.85040525 -4.61085e+06
300000000 -2250136.58868012 -4.60688e+06
301000000 -2236000.67929350 -4.60356e+06
302000000 -2221518.31164384 -4.6009e+06
303000000 -2206694.45196082 -4.59887e+06
304000000 -2191596.58342422 -4.59744e+06
305000000 -2176292.18781029 -4.59652e+06
306000000 -2162365.28794681 -4.59515e+06
307000000 -2148653.05869413 -4.59407e+06
308000000 -2134890.04084027 -4.59351e+06
309000000 -2121135.70723860 -4.59355e+06
310000000 -2107449.52946508 -4.59426e+06
311000000 -2093890.97784607 -4.59572e+06
312000000 -2078033.37957011 -4.59932e+06
313000000 -2061843.84455164 -4.60389e+06
314000000 -2045718.79905539 -4.60915e+06
315000000 -2029644.14727968 -4.61508e+06
316000000 -2013660.93624956 -4.62163e+06
317000000 -1997951.99391923 -4.62891e+06
318000000 -1983222.45037344 -4.63641e+06
319000000 -1968950.62237108 -4.64432e+06
320000000 -1955123.73862421 -4.65264e+06
321000000 -1941783.78731254 -4.66139e+06
322000000 -1928955.71436653 -4.6706e+06
323000000 -1916664.46487034 -4.68031e+06
324000000 -1907940.15560685 -4.68802e+06
325000000 -1900179.15175031 -4.69587e+06
326000000 -1892959.07818761 -4.70415e+06
327000000 -1886243.22383893 -4.71277e+06
328000000 -1879994.87698165 -4.72167e+06
329000000 -1874177.32529323 -4.73076e+06
330000000 -1864533.31821162 -4.74358e+06
331000000 -1854973.46262156 -4.75689e+06
332000000 -1846049.24546666 -4.77021e+06
333000000 -1837799.77131439 -4.78352e+06
334000000 -1830232.88516963 -4.7968e+06
335000000 -1823343.06591654 -4.81006e+06
336000000 -1818696.94768972 -4.82208e+06
337000000 -1814839.77499634 -4.83402e+06
338000000 -1811590.55263656 -4.84603e+06
339000000 -1808897.86082318 -4.85804e+06
340000000 -1806710.27968546 -4.86996e+06
341000000 -1804976.38931943 -4.8817e+06
342000000 -1805086.48745395 -4.89372e+06
343000000 -1805728.80899361 -4.90554e+06
344000000 -1806822.92824353 -4.91708e+06
345000000 -1808418.47239276 -4.92834e+06
346000000 -1810565.06885523 -4.93929e+06
347000000 -1813291.70028867 -4.94995e+06
348000000 -1813316.17968712 -4.95878e+06
349000000 -1813612.20170205 -4.96731e+06
350000000 -1814279.13759366 -4.97567e+06
351000000 -1815276.64204316 -4.98387e+06
352000000 -1816572.89095876 -4.9919e+06
353000000 -1818136.55408156 -4.99972e+06
354000000 -1821946.68393157 -5.0082e+06
355000000 -1826072.97290896 -5.0164e+06
356000000 -1830512.92026220 -5.02437e+06
357000000 -1835112.78881378 -5.03203e+06
358000000 -1839991.03580146 -5.03941e+06
359000000 -1845193.25652276 -5.04653e+06
360000000 -1850617.94857557 -5.05337e+06
361000000 -1856345.92945622 -5.05999e+06
362000000 -1862323.13432838 -5.06645e+06
363000000 -1868484.92558985 -5.07277e+06
364000000 -1874766.66682872 -5.07898e+06
365000000 -1881130.45446262 -5.0851e+06
366000000 -1887780.44551496 -5.09091e+06
367000000 -1894505.20062116 -5.09649e+06
368000000 -1901301.66121392 -5.10181e+06
369000000 -1908180.57345676 -5.10684e+06
370000000 -1915152.68501406 -5.11161e+06
371000000 -1922251.94755740 -5.11614e+06
372000000 -1929178.33715427 -5.12068e+06
373000000 -1936311.85616071 -5.12508e+06
374000000 -1943627.57808820 -5.12936e+06
375000000 -1951053.08548022 -5.13354e+06
376000000 -1958515.96267316 -5.13764e+06
377000000 -1965957.99977431 -5.14166e+06
378000000 -1973488.07023167 -5.14552e+06
379000000 -1980971.45771762 -5.14926e+06
380000000 -1988430.15811849 -5.15284e+06
381000000 -1995886.16933745 -5.15619e+06
382000000 -2003361.49133688 -5.15927e+06
383000000 -2010875.38331586 -5.16209e+06
384000000 -2018413.70630534 -5.16476e+06
385000000 -2026032.55482300 -5.16728e+06
386000000 -2033740.97375138 -5.16972e+06
387000000 -2041522.59066670 -5.17207e+06
388000000 -2049350.37458292 -5.17435e+06
389000000 -2057205.90879629 -5.1765e+06
390000000 -2065665.10070427 -5.17811e+06
391000000 -2073984.75575166 -5.1796e+06
392000000 -2082191.22054994 -5.18094e+06
393000000 -2090328.12976722 -5.18209e+06
394000000 -2098439.12055908 -5.18301e+06
395000000 -2106471.44738549 -5.18374e+06
396000000 -2113566.55255612 -5.18489e+06
397000000 -2120689.38074931 -5.18583e+06
398000000 -2127845.10176300 -5.18661e+06
399000000 -2135146.55095026 -5.18739e+06
400000000 -2142504.16378018 -5.18814e+06
401000000 -2149892.91451504 -5.18879e+06
402000000 -2157591.22104894 -5.18911e+06
403000000 -2165184.95387329 -5.18929e+06
404000000 -2172655.87168911 -5.1893e+06
405000000 -2180009.48228423 -5.18913e+06
406000000 -2187275.55289328 -5.18877e+06
407000000 -2194511.42337680 -5.18818e+06
408000000 -2201794.26746734 -5.18737e+06
409000000 -2209144.78185209 -5.1863e+06
410000000 -2216547.58648357 -5.18503e+06
411000000 -2223987.30410904 -5.18361e+06
412000000 -2231448.27699326 -5.18211e+06
413000000 -2239767.12889180 -5.18053e+06
414000000 -2253774.21958789 -5.17888e+06
415000000 -2267747.36328558 -5.17712e+06
416000000 -2281582.02883542 -5.17526e+06
417000000 -2295272.76355332 -5.17324e+06
418000000 -2308851.55004224 -5.17101e+06
419000000 -2320625.92888086 -5.1686e+06
420000000 -2321651.66573168 -5.16623e+06
421000000 -2322739.37180074 -5.16366e+06
422000000 -2323902.90361276 -5.16091e+06
423000000 -2325147.47767318 -5.15799e+06
424000000 -2326450.31566172 -5.15494e+06
425000000 -2328808.65725090 -5.15187e+06
426000000 -2336562.79443627 -5.14901e+06
427000000 -2344286.88567779 -5.14614e+06
428000000 -2351965.51133968 -5.14319e+06
429000000 -2359583.25449046 -5.14012e+06
430000000 -2367124.70088636 -5.13689e+06
431000000 -2374746.67158557 -5.13371e+06
432000000 -2383026.45552630 -5.13143e+06
433000000 -2391298.47786180 -5.129e+06
434000000 -2399611.71628891 -5.12642e+06
435000000 -2408015.15109218 -5.12372e+06
436000000 -2416509.25171552 -5.12094e+06
437000000 -2426616.60291378 -5.12088e+06
438000000 -2443414.62640563 -5.13268e+06
439000000 -2460162.38012424 -5.14449e+06
440000000 -2476846.45168486 -5.15629e+06
441000000 -2493453.81479301 -5.16808e+06
442000000 -2509983.86320482 -5.17982e+06
443000000 -2520651.45141542 -5.18079e+06
444000000 -2509479.62480902 -5.14153e+06
445000000 -2498252.23488256 -5.10212e+06
446000000 -2487005.95386512 -5.06259e+06
447000000 -2475809.56785919 -5.02302e+06
448000000 -2464726.35748791 -4.98347e+06
449000000 -2458369.55294608 -4.95217e+06
450000000 -2468664.87114884 -4.95015e+06
451000000 -2478924.97750442 -4.94813e+06
452000000 -2489095.91030968 -4.94613e+06
453000000 -2499123.70990803 -4.94414e+06
454000000 -2509010.41384559 -4.94215e+06
455000000 -2518341.18141620 -4.93955e+06
456000000 -2526194.71097389 -4.93509e+06
457000000 -2533962.03423637 -4.93051e+06
458000000 -2541654.44566682 -4.92579e+06
459000000 -2549286.21975901 -4.92097e+06
460000000 -2556878.74165406 -4.91607e+06
461000000 -2565620.70405306 -4.9074e+06
462000000 -2577688.52166823 -4.88808e+06
463000000 -2589715.08414698 -4.86877e+06
464000000 -2601648.04386116 -4.84946e+06
465000000 -2613435.05477156 -4.83015e+06
466000000 -2625048.02909101 -4.81082e+06
467000000 -2628839.52012592 -4.81059e+06
468000000 -2611798.58199842 -4.86199e+06
469000000 -2594623.62320094 -4.9133e+06
470000000 -2577346.73316661 -4.96449e+06
471000000 -2559999.00645007 -5.01551e+06
472000000 -2542587.43019832 -5.06642e+06
473000000 -2534525.49402245 -5.09309e+06
474000000 -2549443.57912566 -5.06056e+06
475000000 -2564259.48729899 -5.02805e+06
476000000 -2578888.44365666 -4.99561e+06
477000000 -2593420.09283670 -4.96317e+06
478000000 -2607811.47962929 -4.9307e+06
479000000 -2619432.87946236 -4.90469e+06
480000000 -2624806.98298888 -4.89379e+06
481000000 -2630016.85775661 -4.88281e+06
482000000 -2635109.77463909 -4.87171e+06
483000000 -2640133.00539244 -4.86049e+06
484000000 -2645105.82502160 -4.84914e+06
485000000 -2649665.72470319 -4.83839e+06
486000000 -2653390.79369651 -4.82908e+06
487000000 -2657066.27561211 -4.81974e+06
488000000 -2660684.43014350 -4.81042e+06
489000000 -2664231.56123178 -4.80113e+06
490000000 -2667679.75571962 -4.79184e+06
491000000 -2671026.36229341 -4.78276e+06
492000000 -2674267.24424123 -4.77408e+06
493000000 -2677358.53787331 -4.76532e+06
494000000 -2680309.20195494 -4.75647e+06
495000000 -2683160.73652525 -4.74752e+06
496000000 -2685961.50547953 -4.73847e+06
497000000 -2688388.90232011 -4.72929e+06
498000000 -2690142.55402806 -4.71995e+06
499000000 -2691887.87735944 -4.71057e+06
500000000 -2693601.34362527 -4.70119e+06
501000000 -2695259.80805912 -4.69186e+06
502000000 -2696921.96463450 -4.68264e+06
503000000 -2698329.14199869 -4.67309e+06
504000000 -2699313.24712736 -4.66286e+06
505000000 -2700189.86619871 -4.65261e+06
506000000 -2700943.38250510 -4.64228e+06
507000000 -2701592.82775130 -4.63187e+06
508000000 -2702184.39888696 -4.6214e+06
509000000 -2699511.03903382 -4.60611e+06
510000000 -2691776.44084022 -4.58335e+06
511000000 -2684070.11295085 -4.56057e+06
512000000 -2676389.80045227 -4.5378e+06
513000000 -2668699.91734378 -4.51507e+06
514000000 -2660964.87754738 -4.49241e+06
515000000 -2663923.98625920 -4.48605e+06
516000000 -2682954.61593509 -4.50409e+06
517000000 -2701895.64890531 -4.52217e+06
518000000 -2720748.30439649 -4.54024e+06
519000000 -2739516.77965739 -4.55828e+06
520000000 -2758212.38059423 -4.57629e+06
521000000 -2767585.41326232 -4.58068e+06
522000000 -2764140.69257911 -4.56633e+06
523000000 -2760709.30176188 -4.552e+06
524000000 -2757326.05919956 -4.53773e+06
525000000 -2753960.70134955 -4.52353e+06
526000000 -2750569.23749098 -4.50941e+06
527000000 -2740609.66452698 -4.49158e+06
528000000 -2722281.18731077 -4.469e+06
529000000 -2703845.56140499 -4.44652e+06
530000000 -2685302.13926764 -4.42411e+06
531000000 -2666664.36542608 -4.40173e+06
532000000 -2647945.19901457 -4.37935e+06
533000000 -2651207.50777050 -4.36996e+06
5.34e+08 -2681373.60443575 -4.37649e+06
5.35e+08 -2711284.19684862 -4.38316e+06
5.36e+08 -2741179.35659851 -4.3899e+06
537000000 -2771079.30637733 -4.39673e+06
538000000 -2800975.87686089 -4.40364e+06
539000000 -2805783.57850729 -4.40518e+06
540000000 -2782259.67286798 -4.40062e+06
541000000 -2758619.71756250 -4.39616e+06
542000000 -2734826.80353097 -4.39178e+06
543000000 -2710910.68325415 -4.38745e+06
544000000 -2686901.10867848 -4.38313e+06
545000000 -2682440.04505385 -4.3572e+06
546000000 -2699178.83785351 -4.30783e+06
547000000 -2715882.26945658 -4.25844e+06
548000000 -2732561.10349276 -4.20906e+06
549000000 -2749225.74809672 -4.15971e+06
550000000 -2765886.61082572 -4.11045e+06
551000000 -2769199.68051483 -4.13679e+06
552000000 -2759128.33656310 -4.23872e+06
553000000 -2748979.85409650 -4.34071e+06
554000000 -2738717.61132083 -4.44275e+06
555000000 -2728337.52665533 -4.54481e+06
556000000 -2717842.38134336 -4.64689e+06
557000000 -2705615.08441824 -4.67912e+06
558000000 -2691820.46854867 -4.64686e+06
559000000 -2678016.61640801 -4.61454e+06
560000000 -2664226.72869314 -4.58217e+06
561000000 -2650446.96689352 -4.54979e+06
562000000 -2636673.49187053 -4.51743e+06
563000000 -2638737.05294051 -4.49267e+06
564000000 -2654819.07534655 -4.47464e+06
565000000 -2670886.28549795 -4.45667e+06
566000000 -2686914.19158757 -4.43875e+06
567000000 -2702876.29225707 -4.42084e+06
568000000 -2718746.08550895 -4.40291e+06
569000000 -2726113.73029844 -4.39139e+06
570000000 -2726554.10382200 -4.3851e+06
571000000 -2726998.97895542 -4.37875e+06
572000000 -2727489.34900080 -4.37236e+06
573000000 -2728032.87558453 -4.36592e+06
574000000 -2728636.75761135 -4.35944e+06
575000000 -2728496.36611804 -4.35401e+06
576000000 -2727789.47454025 -4.34939e+06
577000000 -2727095.11888556 -4.34485e+06
578000000 -2726398.52439934 -4.34037e+06
579000000 -2725685.62553394 -4.33591e+06
580000000 -2724942.35610156 -4.33145e+06
581000000 -2723990.22858541 -4.32888e+06
582000000 -2722885.49773012 -4.32766e+06
583000000 -2721765.14302814 -4.32639e+06
584000000 -2720669.22882326 -4.32508e+06
585000000 -2719637.81882481 -4.32372e+06
586000000 -2718710.97610927 -4.32234e+06
587000000 -2718593.60567493 -4.3215e+06
588000000 -2719014.23859562 -4.32105e+06
589000000 -2719464.13784227 -4.32064e+06
590000000 -2719920.58049671 -4.3203e+06
591000000 -2720373.84456767 -4.32001e+06
592000000 -2720815.73247956 -4.31976e+06
593000000 -2718791.11981214 -4.32253e+06
594000000 -2714944.63841903 -4.32733e+06
595000000 -2710917.09584052 -4.33217e+06
596000000 -2706892.21357300 -4.33694e+06
597000000 -2702901.15649878 -4.34168e+06
598000000 -2698975.08889197 -4.34641e+06
599000000 -2700621.70650073 -4.35587e+06
600000000 -2705569.44870791 -4.36812e+06
601000000 -2710573.33388289 -4.3804e+06
602000000 -2715595.15024361 -4.39273e+06
603000000 -2720596.68541282 -4.40511e+06
604000000 -2725540.65057867 -4.41756e+06
605000000 -2728682.37716180 -4.44136e+06
606000000 -2730840.22890749 -4.47126e+06
607000000 -2732967.46544601 -4.50112e+06
608000000 -2735072.48735856 -4.53092e+06
609000000 -2737163.33972407 -4.56066e+06
610000000 -2739254.55396769 -4.59037e+06
611000000 -2748602.63538818 -4.66758e+06
612000000 -2761718.72996192 -4.7693e+06
613000000 -2774885.36762302 -4.87105e+06
614000000 -2788061.14261251 -4.97284e+06
615000000 -2801204.64861097 -5.07467e+06
616000000 -2814274.47874157 -5.17654e+06
617000000 -3251706.69212518 -5.40344e+06
618000000 -3888786.04351570 -5.68918e+06
619000000 -4525781.40269311 -5.97491e+06
620000000 -5162710.80726104 -6.26059e+06
621000000 -5799592.29428110 -6.54621e+06
622000000 -6436440.85020069 -6.83173e+06
623000000 -6308110.49340238 -6.18788e+06
624000000 -5851839.01569610 -5.14573e+06
625000000 -5395556.59254763 -4.1036e+06
626000000 -4939254.79180574 -3.06149e+06
627000000 -4482923.17188246 -2.01941e+06
628000000 -4026529.35548547 -977351
629000000 -3749983.41326622 -898051
630000000 -3546800.23625667 -1.21198e+06
631000000 -3343473.76596698 -1.52589e+06
632000000 -3140089.90147304 -1.83981e+06
633000000 -2936621.29134192 -2.15367e+06
634000000 -2733098.03681619 -2.46745e+06
635000000 -2674354.21823736 -2.59919e+06
636000000 -2669135.87531808 -2.66355e+06
637000000 -2663874.94477612 -2.72788e+06
638000000 -2658569.07307449 -2.7922e+06
639000000 -2653215.90619054 -2.85656e+06
640000000 -2647800.11577586 -2.92097e+06
641000000 -2651522.78916704 -2.94867e+06
642000000 -2658206.63873181 -2.96413e+06
643000000 -2664754.71248328 -2.97956e+06
644000000 -2671171.69123183 -2.99496e+06
645000000 -2677464.76963523 -3.01031e+06
646000000 -2683669.78002374 -3.02562e+06
647000000 -2674193.51114444 -3.0371e+06
648000000 -2659766.46710487 -3.04732e+06
649000000 -2645326.00275596 -3.0575e+06
650000000 -2630859.84225590 -3.06767e+06
651000000 -2616355.70931452 -3.07787e+06
652000000 -2601802.85223398 -3.08813e+06
653000000 -2520522.31262105 -3.18457e+06
654000000 -2419930.29960584 -3.30582e+06
655000000 -2319258.06233297 -3.42708e+06
656000000 -2218489.83444025 -3.54834e+06
657000000 -2117609.84913550 -3.66956e+06
658000000 -2016646.20956816 -3.79076e+06
659000000 -2046816.14469107 -3.77604e+06
660000000 -2111848.90969168 -3.72519e+06
661000000 -2176897.94083852 -3.67433e+06
662000000 -2241967.31520878 -3.62348e+06
663000000 -2307051.99185610 -3.57264e+06
664000000 -2372129.69479649 -3.52185e+06
665000000 -2385925.73626908 -3.49465e+06
666000000 -2387648.08028438 -3.47308e+06
667000000 -2389314.28341918 -3.45157e+06
668000000 -2390920.69877704 -3.43011e+06
669000000 -2392463.67906805 -3.40866e+06
670000000 -2393946.06353345 -3.3872e+06
671000000 -2398442.08298053 -3.37394e+06
672000000 -2403532.51819925 -3.36237e+06
673000000 -2408619.93975725 -3.3508e+06
674000000 -2413734.91170759 -3.33928e+06
675000000 -2418902.96909935 -3.3278e+06
676000000 -2424092.37033657 -3.31638e+06
677000000 -2403515.31485008 -3.2975e+06
678000000 -2377990.20298746 -3.27727e+06
679000000 -2352407.63124475 -3.25715e+06
680000000 -2326759.90974035 -3.23713e+06
681000000 -2301046.84925517 -3.21718e+06
682000000 -2275273.03020079 -3.19728e+06
683000000 -2271867.74835648 -3.23491e+06
684000000 -2272065.17542655 -3.28191e+06
685000000 -2272237.03831541 -3.32892e+06
686000000 -2272405.59870217 -3.37599e+06
687000000 -2272593.11792663 -3.42313e+06
688000000 -2272799.92180794 -3.47036e+06
689000000 -2276054.57586843 -3.45322e+06
690000000 -2279710.78426224 -3.42739e+06
691000000 -2283320.62094888 -3.40166e+06
692000000 -2286849.77842656 -3.37605e+06
693000000 -2290282.18409574 -3.35055e+06
694000000 -2293636.23429660 -3.32512e+06
695000000 -2288998.75717040 -3.31218e+06
696000000 -2283339.41017004 -3.30078e+06
697000000 -2277648.06324129 -3.28941e+06
698000000 -2271933.79613466 -3.27805e+06
699000000 -2266209.21463603 -3.26673e+06
700000000 -2260487.42082111 -3.25549e+06
701000000 -2256429.56223282 -3.26133e+06
702000000 -2252542.22436901 -3.26897e+06
703000000 -2248630.67072876 -3.27671e+06
704000000 -2244663.15805974 -3.28453e+06
705000000 -2240604.78091183 -3.29246e+06
706000000 -2236445.27730704 -3.3005e+06
707000000 -2230094.56912073 -3.29872e+06
708000000 -2223503.58450303 -3.29612e+06
709000000 -2216926.90367844 -3.29357e+06
710000000 -2210342.51388633 -3.29101e+06
711000000 -2203761.55134056 -3.28845e+06
712000000 -2197185.61202013 -3.28591e+06
713000000 -2188306.43062608 -3.27904e+06
714000000 -2179273.75478083 -3.27203e+06
715000000 -2170240.16091354 -3.26511e+06
716000000 -2161195.80081673 -3.25828e+06
717000000 -2152115.08445347 -3.25151e+06
718000000 -2142972.42153960 -3.24478e+06
719000000 -2141682.77861786 -3.25236e+06
720000000 -2140655.00420961 -3.26056e+06
721000000 -2139591.98485390 -3.26875e+06
722000000 -2138527.46339893 -3.27694e+06
723000000 -2137486.06484851 -3.2851e+06
724000000 -2136475.17934776 -3.29326e+06
725000000 -2128897.23042002 -3.29214e+06
726000000 -2121141.42547608 -3.29077e+06
727000000 -2113404.39835888 -3.28946e+06
728000000 -2105678.63192361 -3.28824e+06
729000000 -2097949.55613259 -3.2871e+06
730000000 -2090201.60755507 -3.286e+06
731000000 -2083066.69579502 -3.28744e+06
732000000 -2075899.05577445 -3.28891e+06
733000000 -2068699.00538704 -3.29036e+06
734000000 -2061484.47925634 -3.29181e+06
735000000 -2054289.54270640 -3.29325e+06
736000000 -2047148.74928600 -3.29467e+06
737000000 -2040143.53723567 -3.29528e+06
738000000 -2033206.15574361 -3.29591e+06
739000000 -2026317.20738553 -3.29658e+06
740000000 -2019457.29455319 -3.29733e+06
741000000 -2012614.52047706 -3.29815e+06
742000000 -2005785.07232422 -3.29905e+06
743000000 -1999120.70703461 -3.3004e+06
744000000 -1992451.54520636 -3.30178e+06
745000000 -1985770.09963827 -3.30316e+06
746000000 -1979074.08661995 -3.30451e+06
747000000 -1972392.70543507 -3.30586e+06
748000000 -1965760.53313188 -3.30725e+06
749000000 -1959330.46098072 -3.30963e+06
750000000 -1952980.54764485 -3.31204e+06
751000000 -1946710.32473078 -3.31449e+06
752000000 -1940501.42336889 -3.31698e+06
753000000 -1934326.75332384 -3.31956e+06
754000000 -1928057.38521866 -3.32257e+06
755000000 -1920180.77294047 -3.33117e+06
756000000 -1912295.11622712 -3.33983e+06
757000000 -1904403.13707655 -3.34853e+06
758000000 -1896507.55735139 -3.35723e+06
759000000 -1888614.62512047 -3.36592e+06
760000000 -1880618.95560314 -3.37267e+06
761000000 -1871161.98147033 -3.35364e+06
762000000 -1861755.41505963 -3.33463e+06
763000000 -1852421.25061414 -3.31568e+06
764000000 -1843275.13461911 -3.2965e+06
765000000 -1834267.48925132 -3.27714e+06
766000000 -1825794.57836213 -3.2601e+06
767000000 -1822628.83285464 -3.2659e+06
768000000 -1819432.62053796 -3.27178e+06
769000000 -1816200.25057404 -3.27774e+06
770000000 -1812942.63896649 -3.28374e+06
771000000 -1809671.80515662 -3.28976e+06
772000000 -1821070.75525313 -3.29602e+06
773000000 -1841464.23838702 -3.30216e+06
774000000 -1861881.66481432 -3.30833e+06
775000000 -1882335.77302879 -3.31454e+06
776000000 -1902836.69960425 -3.32082e+06
777000000 -1923378.83944657 -3.32717e+06
778000000 -1943888.23444003 -3.33288e+06
779000000 -1963912.57071118 -3.3333e+06
780000000 -1983909.76172958 -3.33378e+06
781000000 -2003849.30616959 -3.33433e+06
782000000 -2023736.50327836 -3.33492e+06
783000000 -2043594.09466252 -3.33553e+06
784000000 -2063065.48603970 -3.33713e+06
785000000 -2080218.45745280 -3.34486e+06
786000000 -2097391.04962356 -3.35257e+06
787000000 -2114590.41087035 -3.36027e+06
788000000 -2131820.99324448 -3.36798e+06
789000000 -2149087.24873497 -3.37574e+06
790000000 -2166735.74612109 -3.3821e+06
791000000 -2186342.92871155 -3.38022e+06
792000000 -2205944.08599156 -3.37838e+06
793000000 -2225513.16954387 -3.37657e+06
794000000 -2245035.20769623 -3.37476e+06
795000000 -2264540.14145923 -3.37298e+06
796000000 -2284045.20139117 -3.37071e+06
797000000 -2303648.85826927 -3.366e+06
798000000 -2323273.03571797 -3.36126e+06
799000000 -2342945.83624924 -3.35645e+06
800000000 -2362662.14844106 -3.35162e+06
801000000 -2382414.65375192 -3.34678e+06
802000000 -2402791.40461498 -3.34667e+06
803000000 -2425727.67787074 -3.36663e+06
804000000 -2448677.63452605 -3.38663e+06
805000000 -2471628.58768801 -3.40666e+06
806000000 -2494562.16272976 -3.42669e+06
807000000 -2517459.98499668 -3.44672e+06
808000000 -2539517.63252823 -3.46198e+06
809000000 -2558397.87500806 -3.45826e+06
810000000 -2577290.32605667 -3.45451e+06
811000000 -2596226.40272515 -3.45073e+06
812000000 -2615219.62172016 -3.44691e+06
813000000 -2634274.77851328 -3.44308e+06
814000000 -2653612.50579343 -3.43961e+06
815000000 -2673797.33876126 -3.43744e+06
816000000 -2694007.72988004 -3.43532e+06
817000000 -2714230.32909264 -3.43327e+06
818000000 -2734457.17873754 -3.43126e+06
819000000 -2754680.32114468 -3.42926e+06
820000000 -2774356.77353093 -3.42434e+06
821000000 -2792234.70924423 -3.4097e+06
822000000 -2810112.59169344 -3.39503e+06
823000000 -2827774.87748652 -3.38087e+06
824000000 -2845433.59933948 -3.36682e+06
825000000 -2863173.97181745 -3.35278e+06
826000000 -2882515.26758777 -3.35576e+06
827000000 -2906449.13636989 -3.40985e+06
828000000 -2930426.33261122 -3.46399e+06
829000000 -2954422.14792984 -3.51819e+06
830000000 -2978428.48089702 -3.57245e+06
831000000 -2987690.45203486 -3.6206e+06
832000000 -2949785.72250565 -3.62953e+06
833000000 -2910618.33633973 -3.5851e+06
834000000 -2871453.30856352 -3.54065e+06
835000000 -2832300.57774038 -3.49616e+06
836000000 -2793181.45785597 -3.45167e+06
837000000 -2754117.26291057 -3.40719e+06
838000000 -2712758.68694659 -3.36882e+06
839000000 -2665379.63959764 -3.34616e+06
840000000 -2618067.91655815 -3.32353e+06
841000000 -2570794.40124768 -3.30096e+06
842000000 -2523529.94668306 -3.27845e+06
843000000 -2476245.40590192 -3.25601e+06
844000000 -2431539.90184643 -3.23566e+06
845000000 -2392896.40859478 -3.22006e+06
846000000 -2354246.92031572 -3.20447e+06
847000000 -2315600.64091422 -3.18886e+06
848000000 -2276964.07811785 -3.17323e+06
849000000 -2238344.70631063 -3.15759e+06
850000000 -2198998.57414001 -3.13746e+06
851000000 -2158087.00369030 -3.10781e+06
852000000 -2117234.20844426 -3.07821e+06
853000000 -2076421.94143705 -3.04868e+06
854000000 -2035620.29168124 -3.0192e+06
855000000 -1994799.34822046 -2.98977e+06
856000000 -1952977.81160258 -2.96493e+06
857000000 -1909163.17943984 -2.94936e+06
858000000 -1865307.99348870 -2.93381e+06
859000000 -1821430.27567033 -2.91827e+06
860000000 -1777548.04794046 -2.9027e+06
861000000 -1733679.33228999 -2.88709e+06
862000000 -1690481.18738588 -2.86862e+06
863000000 -1648515.81653769 -2.84488e+06
864000000 -1606578.35954680 -2.82116e+06
865000000 -1564667.99123465 -2.79749e+06
866000000 -1522778.19875637 -2.77387e+06
867000000 -1480895.07709636 -2.7503e+06
868000000 -1442560.17473837 -2.72414e+06
869000000 -1410254.67182980 -2.69354e+06
870000000 -1377880.40442552 -2.66295e+06
871000000 -1345463.29700076 -2.63235e+06
872000000 -1313029.33491687 -2.60173e+06
873000000 -1280604.50357655 -2.57107e+06
874000000 -1242746.47711095 -2.54551e+06
875000000 -1196015.45954008 -2.52833e+06
876000000 -1149315.83466515 -2.51112e+06
877000000 -1102644.75934862 -2.49391e+06
878000000 -1055999.39049618 -2.47674e+06
879000000 -1009374.95179681 -2.45962e+06
880000000 -965694.785545529 -2.43953e+06
881000000 -926419.462004892 -2.41493e+06
882000000 -887200.671110122 -2.39015e+06
883000000 -847948.664056123 -2.36536e+06
884000000 -808667.777063382 -2.34054e+06
885000000 -769378.628281243 -2.31568e+06
886000000 -715675.993178503 -2.29378e+06
887000000 -641251.856222264 -2.27617e+06
888000000 -566895.163197546 -2.25851e+06
889000000 -492592.866340537 -2.24084e+06
890000000 -418331.917933539 -2.22318e+06
891000000 -365434.698469535 -2.23348e+06
892000000 -344800.341829487 -2.24876e+06
893000000 -363397.476582116 -2.26603e+06
894000000 -382000.472384955 -2.28332e+06
895000000 -400599.263380253 -2.3006e+06
896000000 -419183.783756982 -2.31784e+06
897000000 -437758.752169551 -2.33504e+06
898000000 -439294.013044978 -2.3483e+06
899000000 -420026.242220480 -2.35676e+06
900000000 -400830.516683371 -2.3652e+06
901000000 -381708.500861492 -2.37362e+06
902000000 -362661.828806974 -2.38204e+06
903000000 -343672.149355976 -2.39048e+06
904000000 -269470.728411446 -2.40499e+06
905000000 -130429.158301565 -2.42664e+06
906000000 8605.31585450791 -2.44834e+06
907000000 147633.991836099 -2.47007e+06
908000000 286658.167375971 -2.49179e+06
909000000 425678.173530253 -2.51348e+06
910000000 496936.604510475 -2.50801e+06
911000000 494780.475379836 -2.4731e+06
912000000 492584.624083578 -2.43818e+06
913000000 490326.592868750 -2.40326e+06
914000000 487983.923936502 -2.36835e+06
915000000 485566.723209654 -2.33348e+06
916000000 440238.400373450 -2.34312e+06
917000000 352025.685987220 -2.39729e+06
918000000 263813.088438880 -2.45152e+06
919000000 175606.348967731 -2.50579e+06
920000000 87408.9120318802 -2.5601e+06
921000000 -785.407360639205 -2.61442e+06
922000000 -40275.3620922738 -2.63311e+06
923000000 -32977.2326221809 -2.61753e+06
924000000 -25700.7992465485 -2.60192e+06
925000000 -18460.1226984153 -2.58631e+06
926000000 -11269.2637543128 -2.57071e+06
927000000 -4134.89102456034 -2.55514e+06
928000000 15816.8017433848 -2.56487e+06
929000000 47141.2300416954 -2.59704e+06
930000000 78454.4197806561 -2.62925e+06
931000000 109784.737067786 -2.6615e+06
932000000 141160.547968846 -2.69378e+06
933000000 172570.247982437 -2.72608e+06
934000000 184470.692550038 -2.7372e+06
935000000 179740.240648494 -2.73025e+06
936000000 175004.391620539 -2.72326e+06
937000000 170257.717144305 -2.71622e+06
938000000 165494.336393751 -2.70916e+06
939000000 160707.832752256 -2.7021e+06
940000000 174868.198452802 -2.70525e+06
941000000 203901.902451864 -2.71644e+06
942000000 232928.003025006 -2.72767e+06
943000000 261972.886718749 -2.73891e+06
944000000 291062.940041871 -2.75017e+06
945000000 320208.267582174 -2.76142e+06
946000000 342579.530550642 -2.77476e+06
947000000 360048.896273494 -2.78961e+06
948000000 377541.002609846 -2.80442e+06
949000000 395033.806331359 -2.81918e+06
950000000 444861.770232532 -2.82727e+06
951000000 521144.799799884 -2.82994e+06
952000000 592598.538307828 -2.8301e+06
953000000 660694.130581331 -2.82856e+06
954000000 728783.335381875 -2.82704e+06
955000000 796871.899341308 -2.82556e+06
956000000 864974.810832292 -2.82411e+06
957000000 933110.596306135 -2.82265e+06
958000000 1014315.77382098 -2.81791e+06
959000000 1103898.37934902 -2.81105e+06
960000000 1193506.37154609 -2.80415e+06
961000000 1283110.68729824 -2.79722e+06
962000000 1372682.26346130 -2.79025e+06
963000000 1462212.02212414 -2.78325e+06
964000000 1537468.41358850 -2.7813e+06
965000000 1604327.74776355 -2.78234e+06
966000000 1671152.18569052 -2.78339e+06
967000000 1737950.08793762 -2.78448e+06
968000000 1804730.71997427 -2.78561e+06
969000000 1871504.41874502 -2.78675e+06
970000000 1956720.52878926 -2.77628e+06
971000000 2052321.33804908 -2.75924e+06
972000000 2147928.83994493 -2.74216e+06
973000000 2243536.96965905 -2.72503e+06
974000000 2339118.90192404 -2.70786e+06
975000000 2434647.56780102 -2.69064e+06
976000000 2494837.21939756 -2.69984e+06
977000000 2536784.05428217 -2.72265e+06
978000000 2578672.23593302 -2.74544e+06
979000000 2620522.36593305 -2.76824e+06
980000000 2662352.74910691 -2.79106e+06
981000000 2704172.06085240 -2.8139e+06
982000000 2743640.72666858 -2.82636e+06
983000000 2782006.66856932 -2.83392e+06
984000000 2820379.70260830 -2.84144e+06
985000000 2858764.79729789 -2.84889e+06
986000000 2897148.43758413 -2.85629e+06
987000000 2935510.03217234 -2.86364e+06
988000000 3025799.00952628 -2.84284e+06
989000000 3139381.34652269 -2.80939e+06
990000000 3252911.39706919 -2.77594e+06
991000000 3366398.10125914 -2.7425e+06
992000000 3479867.27472055 -2.70908e+06
993000000 3593344.73306567 -2.67569e+06
994000000 3684481.92478022 -2.67041e+06
995000000 3766513.04077404 -2.67663e+06
996000000 3848570.97910580 -2.68286e+06
997000000 3930649.81181715 -2.68907e+06
998000000 4012743.15847206 -2.69524e+06
999000000 4094843.01676565 -2.70138e+06
1000000000 4155341.85774739 -2.70706e+06
1.001e+09 4207392.92408524 -2.71261e+06
1002000000 4259410.01942386 -2.71817e+06
1.003e+09 4311377.50304841 -2.72378e+06
1004000000 4363321.25508351 -2.72944e+06
1.005e+09 4415267.64293802 -2.73514e+06
1006000000 4490544.74351059 -2.7301e+06
1.007e+09 4575849.58687125 -2.72047e+06
1008000000 4661198.25816585 -2.71088e+06
1.009e+09 4691834.37543635 -2.66422e+06
1010000000 4502661.78575053 -2.46927e+06
1.011e+09 4313498.27857226 -2.2743e+06
1012000000 4122502.27687425 -2.08114e+06
1.013e+09 3931038.06588450 -1.88842e+06
1014000000 3739555.83184167 -1.69571e+06
1.015e+09 3548048.71148737 -1.50303e+06
1016000000 3356519.08333143 -1.3104e+06
1.017e+09 3164972.86399009 -1.11781e+06
1018000000 2967051.85850444 -926374
1.019e+09 2767562.13707564 -735252
1020000000 2568121.78990115 -544149
1.021e+09 2368743.44370032 -353053
1022000000 2169405.97408797 -161950
1.023e+09 1970088.25667683 29175.8
1024000000 1768378.95374418 219901
1.025e+09 1566063.18378963 410555
1026000000 1363733.24751082 601244
1.027e+09 1161388.64535959 791949
1028000000 959030.184992914 982648
1.029e+09 756658.674067731 1.17332e+06
1030000000 560917.249176941 1.34484e+06
1.031e+09 366847.476914293 1.51156e+06
1032000000 172808.717208289 1.67827e+06
1.033e+09 -21180.7733443569 1.84501e+06
1034000000 -215123.498569732 2.01176e+06
1.035e+09 -409022.205938849 2.17854e+06
1036000000 -608597.652286939 2.36791e+06
1.037e+09 -809600.858841190 2.56297e+06
1038000000 -1010631.86015842 2.75807e+06
1.039e+09 -1211697.74982778 2.95321e+06
1040000000 -1412789.45127933 3.14837e+06
1.041e+09 -1613897.88793863 3.34352e+06
1042000000 -1817981.10556649 3.53225e+06
1.043e+09 -2022808.72929800 3.71935e+06
1044000000 -2227633.43666301 3.90644e+06
1.045e+09 -2432444.12555963 4.09351e+06
1046000000 -2637229.69387946 4.28061e+06
1.047e+09 -2841979.03950762 4.46775e+06
1048000000 -3040963.84455363 4.66035e+06
1.049e+09 -3239312.40752120 4.8536e+06
1050000000 -3437687.87264061 5.04688e+06
1.051e+09 -3636109.76821597 5.24019e+06
1052000000 -3834580.74699214 5.43353e+06
1.053e+09 -4033100.20359026 5.62688e+06
1054000000 -4227801.83865611 5.81412e+06
1.055e+09 -4422093.59615973 6.00067e+06
1056000000 -4616388.14339485 6.18717e+06
1.057e+09 -4810679.75715517 6.37365e+06
1058000000 -5004965.50287613 6.56012e+06
1059000000 -5199242.11686028 6.74662e+06
1060000000 -5379626.81705472 6.93335e+06
1061000000 -5558465.68575595 7.12014e+06
1062000000 -5737311.84675837 7.30696e+06
1063000000 -5916186.63943866 7.49381e+06
1064000000 -6095111.40316151 7.68066e+06
1065000000 -6274107.47727973 7.86752e+06
1066000000 -6489608.48573267 8.06592e+06
1067000000 -6709190.18032398 8.26558e+06
1.068e+09 -6928780.06284434 8.4652e+06
1069000000 -6933165.93524480 8.34457e+06
1.07e+09 -6913630.06808621 8.18833e+06
1071000000 -6894081.81426962 8.03206e+06
1.072e+09 -6913588.48977577 7.89633e+06
1073000000 -6937429.47723801 7.7629e+06
1074000000 -6961267.99458718 7.62951e+06
1075000000 -6985118.62238130 7.49614e+06
1076000000 -7008995.94116361 7.36279e+06
1077000000 -7032914.53146243 7.22941e+06
1078000000 -6930152.27959881 7.06879e+06
1079000000 -6813349.88982183 6.90511e+06
1080000000 -6696572.26890658 6.74139e+06
1081000000 -6579795.07845293 6.57764e+06
1082000000 -6462993.98004493 6.41385e+06
1083000000 -6346151.15148083 6.25002e+06
1084000000 -6337626.90265594 6.02878e+06
1085000000 -6329083.77508737 5.80754e+06
1086000000 -6320533.19445633 5.58632e+06
1087000000 -6311981.83333890 5.36513e+06
1088000000 -6303435.05708879 5.14396e+06
1089000000 -6294900.16311807 4.9228e+06
1090000000 -6251926.92728964 4.77355e+06
1091000000 -6208981.72544871 4.62427e+06
1092000000 -6166062.73373745 4.47494e+06
1093000000 -6123146.58042619 4.32558e+06
1094000000 -6080209.89376723 4.17619e+06
1095000000 -6037229.30199460 4.02678e+06
1096000000 -5982135.01602450 3.86881e+06
1097000000 -5926991.85781618 3.71082e+06
1098000000 -5871814.12546550 3.55285e+06
1099000000 -5816619.02035395 3.3949e+06
1100000000 -5761423.74384415 3.23698e+06
1101000000 -5706237.84024035 3.07911e+06
1102000000 -5695846.60016469 2.90999e+06
1103000000 -5685464.91421997 2.74086e+06
1104000000 -5675092.58866703 2.5717e+06
1105000000 -5664723.98175972 2.40252e+06
1106000000 -5654353.45173225 2.2333e+06
1107000000 -5643962.82338022 2.06407e+06
1108000000 -5574544.80620822 1.85278e+06
1109000000 -5505069.77636755 1.6415e+06
1110000000 -5435543.33372010 1.43024e+06
1111000000 -5365988.49158997 1.21901e+06
1112000000 -5296428.26328113 1.00781e+06
1113000000 -5226882.40396191 796653
1114000000 -5191765.66345813 665527
1115000000 -5156672.34434132 534432
1116000000 -5121596.44392433 403346
1117000000 -5086531.55174604 272248
1118000000 -5051472.68446118 141117
1119000000 -5014521.16718142 14964.8
1120000000 -4960553.68501038 -66173.8
1121000000 -4906560.12472571 -147297
1122000000 -4852534.21614717 -228391
1123000000 -4798505.52617331 -309473
1124000000 -4744458.53971977 -390517
1125000000 -4683025.71955715 -491510
1126000000 -4555107.43287578 -772363
1127000000 -4427240.28017810 -1.05318e+06
1128000000 -4309615.43604533 -1.2536e+06
1129000000 -4202568.03362392 -1.374e+06
1130000000 -4095534.79641738 -1.49441e+06
1131000000 -4008812.99444350 -1.60718e+06
1132000000 -4104858.52453031 -1.65092e+06
1133000000 -4200896.55597098 -1.69467e+06
1134000000 -4296921.84429137 -1.73841e+06
1135000000 -4392929.14499606 -1.78213e+06
1136000000 -4488913.21356817 -1.82579e+06
1137000000 -4577002.80564058 -1.86638e+06
1138000000 -4594089.77403368 -1.87964e+06
1139000000 -4611214.10487990 -1.89288e+06
1140000000 -4628384.15575822 -1.90612e+06
1141000000 -4645599.57748504 -1.91935e+06
1142000000 -4662850.81981752 -1.9326e+06
1143000000 -4674944.39261722 -1.944e+06
1144000000 -4640461.45572438 -1.93866e+06
1145000000 -4605961.43884900 -1.93336e+06
1146000000 -4571447.76169105 -1.92809e+06
1147000000 -4536923.84392912 -1.92283e+06
1148000000 -4502393.10522051 -1.91755e+06
1149000000 -4469999.73061016 -1.91067e+06
1150000000 -4456860.51692328 -1.88954e+06
1151000000 -4443738.42032697 -1.8684e+06
1152000000 -4430649.43686023 -1.84726e+06
1153000000 -4417609.56254091 -1.82614e+06
1154000000 -4404625.64681302 -1.80506e+06
1155000000 -4386761.86735350 -1.79829e+06
1156000000 -4324682.82978429 -1.92e+06
1157000000 -4262594.95750290 -2.04175e+06
1158000000 -4200492.52885457 -2.16355e+06
1159000000 -4138372.72546805 -2.28537e+06
1160000000 -4076241.45613109 -2.40721e+06
1161000000 -4035382.46179977 -2.47812e+06
1162000000 -4079630.04838112 -2.3453e+06
1163000000 -4123891.19938730 -2.21244e+06
1164000000 -4168173.45574507 -2.07958e+06
1165000000 -4212484.35836046 -1.94672e+06
1166000000 -4256831.44811898 -1.81388e+06
1167000000 -4261432.73246675 -1.71304e+06
1168000000 -4106951.93689140 -1.74008e+06
1169000000 -3952476.23069115 -1.76714e+06
1170000000 -3797983.17861878 -1.79423e+06
1171000000 -3643450.34540696 -1.82133e+06
1172000000 -3488873.69784369 -1.84843e+06
1173000000 -3412104.31577853 -1.86192e+06
1174000000 -3646667.94570785 -1.82097e+06
1175000000 -3881227.25574733 -1.77997e+06
1176000000 -4115784.79486144 -1.73894e+06
1177000000 -4350344.12610315 -1.69788e+06
1178000000 -4584906.63597880 -1.6568e+06
1179000000 -4747702.04430830 -1.6395e+06
1180000000 -4623416.73755857 -1.71734e+06
1181000000 -4499126.11678431 -1.79521e+06
1182000000 -4374811.83656767 -1.8731e+06
1183000000 -4250455.55147161 -1.95099e+06
1184000000 -4126043.48931609 -2.02887e+06
1185000000 -4015608.26815361 -2.08765e+06
1186000000 -3961250.01504776 -2.07007e+06
1187000000 -3908737.25116716 -2.05136e+06
1188000000 -3863723.66760730 -2.02823e+06
1189000000 -3818715.19396846 -2.00505e+06
1190000000 -3773713.31203035 -1.98185e+06
1191000000 -3738110.66120976 -1.96104e+06
1192000000 -3740092.39502935 -1.94985e+06
1193000000 -3742070.04004489 -1.93868e+06
1194000000 -3744040.43729668 -1.92754e+06
1195000000 -3745997.82625690 -1.91642e+06
1196000000 -3747930.50425155 -1.90531e+06
1197000000 -3736475.18299555 -1.8868e+06
1198000000 -3693818.04565492 -1.85103e+06
1199000000 -3651132.20155845 -1.81524e+06
1200000000 -3608440.26934964 -1.77942e+06
1201000000 -3565764.86765459 -1.74357e+06
1202000000 -3523119.41404424 -1.7077e+06
1203000000 -3519247.83619819 -1.75185e+06
1204000000 -3605801.37450817 -1.98276e+06
1205000000 -3692379.30687317 -2.21367e+06
1206000000 -3778972.84450877 -2.44461e+06
1207000000 -3865573.31072260 -2.67558e+06
1208000000 -3952174.77661560 -2.90657e+06
1209000000 -3988027.86327223 -3.03646e+06
1210000000 -3905468.70842720 -2.93042e+06
1211000000 -3822899.09249565 -2.82436e+06
1212000000 -3740322.95243637 -2.71826e+06
1213000000 -3657753.44531587 -2.61212e+06
1214000000 -3575210.69223457 -2.50596e+06
1215000000 -3509167.56427730 -2.39499e+06
1216000000 -3481574.83111947 -2.27283e+06
1217000000 -3454025.89411897 -2.15067e+06
1218000000 -3426503.90461834 -2.02852e+06
1219000000 -3398992.01394496 -1.90639e+06
1220000000 -3371482.10059115 -1.78429e+06
1221000000 -3353464.26273763 -1.70269e+06
1222000000 -3357596.81926705 -1.71552e+06
1223000000 -3361721.90234276 -1.72834e+06
1224000000 -3365838.20744698 -1.74113e+06
1225000000 -3369949.63314758 -1.75389e+06
1226000000 -3374071.96225465 -1.76662e+06
1227000000 -3378521.05417434 -1.78669e+06
1228000000 -3383712.79383562 -1.82389e+06
1229000000 -3388947.22908043 -1.8611e+06
1230000000 -3394222.98196919 -1.89833e+06
1231000000 -3399523.04788259 -1.93558e+06
1232000000 -3404827.33428385 -1.97287e+06
1233000000 -3404133.48647603 -1.99665e+06
1234000000 -3394439.84815879 -2.00013e+06
1235000000 -3384727.53787268 -2.00363e+06
1236000000 -3375003.98465766 -2.00713e+06
1237000000 -3365275.67268422 -2.01061e+06
1238000000 -3355547.71220540 -2.01407e+06
1239000000 -3341531.80679521 -2.02358e+06
1240000000 -3321091.65640146 -2.04219e+06
1241000000 -3300677.95096537 -2.06081e+06
1242000000 -3280301.27041616 -2.07946e+06
1243000000 -3259953.75442407 -2.09814e+06
1244000000 -3239613.61454804 -2.11685e+06
1245000000 -3231103.40900216 -2.12034e+06
1246000000 -3240326.69835266 -2.10097e+06
1247000000 -3252557.70667535 -2.08062e+06
1248000000 -3265088.80207051 -2.06016e+06
1249000000 -3277593.32793314 -2.03971e+06
1250000000 -3290082.85516999 -2.01923e+06
1251000000 -3289816.10801051 -2.01215e+06
1252000000 -3270422.23924021 -2.02518e+06
1253000000 -3251033.55504361 -2.03821e+06
1254000000 -3231653.09159504 -2.05125e+06
1255000000 -3212281.28350877 -2.06432e+06
1256000000 -3192912.62326093 -2.07741e+06
1257000000 -3173302.99217490 -2.0729e+06
1258000000 -3153315.85030283 -2.04193e+06
1259000000 -3133287.30044060 -2.01099e+06
1260000000 -3113216.84462232 -1.98007e+06
1261000000 -3093097.07145081 -1.94914e+06
1262000000 -3072946.63008189 -1.91821e+06
1263000000 -3072113.98728969 -1.91483e+06
1264000000 -3100276.88042177 -1.9528e+06
1265000000 -3128445.91575393 -1.99076e+06
1266000000 -3156624.15722223 -2.02869e+06
1267000000 -3184810.73191381 -2.06664e+06
1268000000 -3213004.76690773 -2.10461e+06
1269000000 -3187370.23390780 -2.12203e+06
1270000000 -3107895.67387173 -2.1189e+06
1271000000 -3028404.42977254 -2.11579e+06
1272000000 -2948884.68920848 -2.11267e+06
1273000000 -2869333.85989405 -2.10954e+06
1274000000 -2789756.31358624 -2.1064e+06
1275000000 -2784865.67927514 -2.09928e+06
1276000000 -2854683.23738849 -2.08819e+06
1277000000 -2924529.43501390 -2.07707e+06
1278000000 -2994422.56872763 -2.06591e+06
1279000000 -3064354.16980392 -2.05474e+06
1280000000 -3134315.76951069 -2.04356e+06
1281000000 -3149238.06577630 -2.05688e+06
1282000000 -3109115.58723979 -2.0947e+06
1283000000 -3069004.96582954 -2.13253e+06
1284000000 -3028899.54872395 -2.17036e+06
1285000000 -2988791.24892899 -2.20817e+06
1286000000 -2948671.97944522 -2.24595e+06
1287000000 -2938929.75222056 -2.24355e+06
1288000000 -2959583.02505422 -2.20098e+06
1289000000 -2980260.33907370 -2.15836e+06
1290000000 -3000980.15206825 -2.11571e+06
1291000000 -3021745.29515614 -2.07302e+06
1292000000 -3042555.51154696 -2.03031e+06
1293000000 -3051379.28702704 -2.00804e+06
1294000000 -3048205.61534208 -2.00621e+06
1295000000 -3045035.62297069 -2.0044e+06
1296000000 -3041858.89059802 -2.0026e+06
1297000000 -3038672.87258656 -2.0008e+06
1298000000 -3035475.02329505 -1.99898e+06
1299000000 -3038527.00046844 -1.98108e+06
1300000000 -3047831.55151109 -1.9471e+06
1301000000 -3057127.39710635 -1.91308e+06
1302000000 -3066428.67256913 -1.87903e+06
1303000000 -3075750.81312021 -1.84497e+06
1304000000 -3085109.25397740 -1.8109e+06
1305000000 -3073704.13847448 -1.86303e+06
1306000000 -3049134.16425620 -1.97248e+06
1307000000 -3025235.49292248 -2.08182e+06
1308000000 -3001318.05473669 -2.19119e+06
1309000000 -2977378.34210134 -2.30059e+06
1310000000 -2953413.06279710 -2.41002e+06
1311000000 -2948838.78770377 -2.42522e+06
1312000000 -2957188.62103263 -2.3776e+06
1313000000 -2965524.80032664 -2.32996e+06
1314000000 -2973856.19928237 -2.28231e+06
1315000000 -2982194.55992842 -2.23465e+06
1316000000 -2990551.62429206 -2.18702e+06
1317000000 -2998177.24325641 -2.15868e+06
1318000000 -3005322.81977524 -2.14322e+06
1319000000 -3012489.91110508 -2.1278e+06
1320000000 -3019659.76858890 -2.11242e+06
1321000000 -3026813.64356901 -2.09708e+06
1322000000 -3033932.78738721 -2.08178e+06
1323000000 -3067636.89836327 -2.07309e+06
1324000000 -3119064.62794090 -2.06881e+06
1325000000 -3170482.62756375 -2.06453e+06
1326000000 -3221899.27990341 -2.06023e+06
1327000000 -3273319.03079106 -2.05592e+06
1328000000 -3324746.88521997 -2.05159e+06
1329000000 -3149038.19028660 -2.11413e+06
1330000000 -2821916.29308782 -2.22127e+06
1331000000 -2494821.54072111 -2.32845e+06
1332000000 -2167737.85779485 -2.43566e+06
1333000000 -1840646.56910029 -2.5429e+06
1334000000 -1513528.99942993 -2.65015e+06
1335000000 -1513828.60934821 -2.64333e+06
1336000000 -1732392.39504662 -2.56046e+06
1337000000 -1950922.98429405 -2.47759e+06
1338000000 -2169434.70821580 -2.3947e+06
1339000000 -2387941.89793898 -2.31177e+06
1340000000 -2606458.45383171 -2.22881e+06
1341000000 -2671178.91955342 -2.17643e+06
1342000000 -2669991.14385007 -2.13718e+06
1343000000 -2668810.85682571 -2.09793e+06
1344000000 -2667634.98124341 -2.05871e+06
1345000000 -2666459.00570182 -2.0195e+06
1346000000 -2665272.43326726 -1.9803e+06
1347000000 -2694898.55071111 -1.91641e+06
1348000000 -2737700.14480742 -1.84191e+06
1349000000 -2780451.06039243 -1.7674e+06
1350000000 -2823170.52079740 -1.69286e+06
1351000000 -2865877.13081736 -1.61829e+06
1352000000 -2908589.28907062 -1.54368e+06
1353000000 -2898098.35533354 -1.65581e+06
1354000000 -2864819.18623203 -1.84794e+06
1355000000 -2831557.40493216 -2.04006e+06
1356000000 -2798307.92471920 -2.23218e+06
1357000000 -2765065.65888200 -2.42432e+06
1358000000 -2731824.40238930 -2.61648e+06
1359000000 -2661057.59934158 -2.72355e+06
1360000000 -2574195.02717657 -2.79413e+06
1361000000 -2487306.79666941 -2.8647e+06
1362000000 -2400395.22984441 -2.93523e+06
1363000000 -2313463.94863899 -3.00573e+06
1364000000 -2226530.12127630 -3.07621e+06
1365000000 -2239618.09031442 -3.03366e+06
1366000000 -2295825.36747336 -2.94285e+06
1367000000 -2352076.50969863 -2.85202e+06
1368000000 -2408359.37136410 -2.76119e+06
1369000000 -2464661.80684855 -2.67036e+06
1370000000 -2520971.88591593 -2.57955e+06
1371000000 -2528524.08832909 -2.5211e+06
1372000000 -2515177.09159603 -2.47652e+06
1373000000 -2501824.18039439 -2.43194e+06
1374000000 -2488461.15070675 -2.38736e+06
1375000000 -2475083.79852112 -2.34274e+06
1376000000 -2461699.89090057 -2.29808e+06
1377000000 -2471221.31677416 -2.30786e+06
1378000000 -2486494.25886200 -2.33122e+06
1379000000 -2501809.46549304 -2.35459e+06
1380000000 -2517166.91807244 -2.37795e+06
1381000000 -2532565.09288501 -2.40132e+06
1382000000 -2547987.22912006 -2.4247e+06
1383000000 -2562341.23263973 -2.41408e+06
1384000000 -2576416.84264574 -2.39499e+06
1385000000 -2590479.43193920 -2.37592e+06
1386000000 -2604531.45976312 -2.35687e+06
1387000000 -2618575.38536702 -2.33781e+06
1388000000 -2632614.22716890 -2.31873e+06
1389000000 -2627356.34569618 -2.3185e+06
1390000000 -2617280.01709128 -2.32297e+06
1391000000 -2607222.20750286 -2.32743e+06
1392000000 -2597195.88308648 -2.3319e+06
1393000000 -2587214.01000473 -2.3364e+06
1394000000 -2577262.46186457 -2.34091e+06
1395000000 -2576060.41610968 -2.34845e+06
1396000000 -2577033.68352430 -2.35677e+06
1397000000 -2577984.47709765 -2.36513e+06
1398000000 -2578909.00527174 -2.3735e+06
1399000000 -2579807.51774883 -2.3819e+06
1400000000 -2580687.60038667 -2.39029e+06
1401000000 -2584328.83905062 -2.39048e+06
1402000000 -2588659.81961371 -2.38858e+06
1403000000 -2592994.24131176 -2.38666e+06
1404000000 -2597338.76383996 -2.38474e+06
1405000000 -2601700.04690142 -2.38283e+06
1406000000 -2606078.76467242 -2.38096e+06
1407000000 -2590445.14170653 -2.37772e+06
1408000000 -2569806.99163222 -2.37417e+06
1409000000 -2549151.44478691 -2.37064e+06
1410000000 -2528453.86485685 -2.36714e+06
1411000000 -2507697.95911530 -2.36366e+06
1412000000 -2486903.24237312 -2.36018e+06
1413000000 -2426319.36561736 -2.34624e+06
1414000000 -2355791.53742927 -2.32967e+06
1415000000 -2285260.79261593 -2.31308e+06
1416000000 -2214731.70268192 -2.29645e+06
1417000000 -2144207.13937815 -2.27982e+06
1418000000 -2073688.93488347 -2.26318e+06
1419000000 -2131608.42562281 -2.26734e+06
1420000000 -2203804.05325419 -2.27384e+06
1421000000 -2275990.49385249 -2.28036e+06
1422000000 -2348152.36841684 -2.28688e+06
1423000000 -2420274.29795542 -2.29341e+06
1424000000 -2492354.44976686 -2.29993e+06
1425000000 -2513409.16913383 -2.29938e+06
1426000000 -2528643.32691634 -2.2982e+06
1427000000 -2543868.58912644 -2.29698e+06
1428000000 -2559102.96644177 -2.29572e+06
1429000000 -2574356.38704384 -2.29443e+06
1430000000 -2589624.10682767 -2.29312e+06
1431000000 -2568558.48169774 -2.28467e+06
1432000000 -2543459.56756804 -2.27543e+06
1433000000 -2518361.16368469 -2.26622e+06
1434000000 -2493258.98907759 -2.25702e+06
1435000000 -2468143.03030814 -2.24782e+06
1436000000 -2443002.53489908 -2.23862e+06
1437000000 -2427250.95038298 -2.23284e+06
1438000000 -2412515.34616862 -2.22741e+06
1439000000 -2397768.35827308 -2.22194e+06
1440000000 -2383029.75605659 -2.21645e+06
1441000000 -2368317.80376313 -2.21092e+06
1442000000 -2353635.52854499 -2.20537e+06
1443000000 -2311299.46976178 -2.12571e+06
1444000000 -2265909.73051951 -2.0378e+06
1445000000 -2220532.66393438 -1.94991e+06
1446000000 -2175158.37313268 -1.86205e+06
1447000000 -2129780.36077593 -1.7742e+06
1448000000 -2084394.20869731 -1.68637e+06
1449000000 -2145358.59196068 -1.85351e+06
1450000000 -2218126.03627673 -2.04896e+06
1451000000 -2290882.60764833 -2.24438e+06
1452000000 -2363634.58071116 -2.43977e+06
1453000000 -2436399.96516592 -2.63514e+06
1454000000 -2509196.77072384 -2.83049e+06
1455000000 -2495051.29241734 -2.77983e+06
1456000000 -2480947.70661873 -2.72917e+06
1457000000 -2466870.09922386 -2.67852e+06
1458000000 -2452802.55613914 -2.62789e+06
1459000000 -2438733.20453433 -2.57729e+06
1460000000 -2424657.50773782 -2.52672e+06
1461000000 -2398301.65164512 -2.5032e+06
1462000000 -2371936.66307592 -2.47968e+06
1463000000 -2345562.90219403 -2.45614e+06
1464000000 -2319180.72917400 -2.43257e+06
1465000000 -2292801.96915766 -2.40898e+06
1466000000 -2266439.92539433 -2.38538e+06
1467000000 -2295822.40114416 -2.37401e+06
1468000000 -2325240.75541162 -2.36266e+06
1469000000 -2354701.21320310 -2.35134e+06
1470000000 -2384188.63289765 -2.34005e+06
1471000000 -2413682.08343462 -2.32879e+06
1472000000 -2443162.67942024 -2.31757e+06
1473000000 -2389388.67774400 -2.38375e+06
1474000000 -2335590.37450025 -2.44996e+06
1475000000 -2281774.73246109 -2.51618e+06
1476000000 -2227948.71440960 -2.58238e+06
1477000000 -2174117.58337753 -2.64856e+06
1478000000 -2120285.56282690 -2.71473e+06
1479000000 -2143032.69527810 -2.66819e+06
1480000000 -2165793.92834514 -2.62166e+06
1481000000 -2188577.70965318 -2.57514e+06
1482000000 -2211388.31253169 -2.52867e+06
1483000000 -2234206.54021197 -2.48222e+06
1484000000 -2253626.97254576 -2.44118e+06
1485000000 -2254284.30765507 -2.42034e+06
1486000000 -2254904.45135179 -2.39951e+06
1487000000 -2255485.16883553 -2.3787e+06
1488000000 -2256033.94788750 -2.35789e+06
1489000000 -2256562.81806427 -2.33707e+06
1490000000 -2252545.50893364 -2.32966e+06
1491000000 -2207684.87162855 -2.44311e+06
1492000000 -2162827.84213284 -2.55656e+06
1493000000 -2117976.65644165 -2.67e+06
1494000000 -2073133.55056143 -2.78347e+06
1495000000 -2028295.02803172 -2.89696e+06
1496000000 -1978182.32002167 -2.99258e+06
1497000000 -1880584.97575322 -2.9271e+06
1498000000 -1782957.34085538 -2.86164e+06
1499000000 -1685282.96096858 -2.79618e+06
1500000000 -1587559.47583865 -2.73071e+06
1501000000 -1489804.28674767 -2.66523e+06
1502000000 -1411673.22498899 -2.61269e+06
1503000000 -1510290.89406454 -2.67689e+06
1504000000 -1608915.90122403 -2.74106e+06
1505000000 -1707552.72372845 -2.80519e+06
1506000000 -1806198.99278089 -2.86932e+06
1507000000 -1904851.95568373 -2.93346e+06
1508000000 -1987848.66641744 -2.99176e+06
1509000000 -1929900.18754600 -2.99746e+06
1510000000 -1871937.05814642 -3.00316e+06
1511000000 -1813948.07730710 -3.00885e+06
1512000000 -1755924.13128119 -3.01453e+06
1513000000 -1697867.84138789 -3.02018e+06
1514000000 -1648155.14024447 -3.02836e+06
1515000000 -1673781.15862765 -3.05953e+06
1516000000 -1699417.08399217 -3.09066e+06
1517000000 -1725082.07380411 -3.12176e+06
1518000000 -1750775.84040018 -3.15283e+06
1519000000 -1776489.01260019 -3.1839e+06
1520000000 -1799665.52262518 -3.21465e+06
1521000000 -1799923.81565934 -3.24258e+06
1522000000 -1800179.68685129 -3.27053e+06
1523000000 -1800428.34219394 -3.29849e+06
1524000000 -1800663.80088491 -3.32645e+06
1525000000 -1800880.08213311 -3.3544e+06
1526000000 -1793029.04837908 -3.37692e+06
1527000000 -1753000.29708607 -3.37785e+06
1528000000 -1712998.12296988 -3.37876e+06
1529000000 -1673021.62119433 -3.37965e+06
1530000000 -1633082.20176982 -3.38053e+06
1531000000 -1593181.39395561 -3.38141e+06
1532000000 -1564012.25385344 -3.36854e+06
1533000000 -1577651.41899503 -3.30069e+06
1534000000 -1591297.81025662 -3.23286e+06
1535000000 -1604937.61519230 -3.16508e+06
1536000000 -1618570.71350604 -3.09731e+06
1537000000 -1632197.75273698 -3.02955e+06
1538000000 -1652231.91376873 -2.97685e+06
1539000000 -1697913.76321001 -2.98437e+06
1540000000 -1743598.03942970 -2.99187e+06
1541000000 -1789294.14607439 -2.99935e+06
1542000000 -1835016.44781610 -3.00682e+06
1543000000 -1919503.43459498 -3.0088e+06
1544000000 -2136498.30430292 -3.00035e+06
1545000000 -2263763.10841387 -3.03806e+06
1546000000 -2391042.79277437 -3.0758e+06
1547000000 -2518318.64990867 -3.11356e+06
1548000000 -2645581.69492234 -3.15135e+06
1549000000 -2772827.48469603 -3.18916e+06
1550000000 -2914756.39620005 -3.21198e+06
1551000000 -3115470.92509039 -3.17479e+06
1552000000 -3316178.51370041 -3.13758e+06
1553000000 -3516884.41705889 -3.10033e+06
1554000000 -3717596.26381841 -3.06307e+06
1555000000 -3918321.68264260 -3.02581e+06
1556000000 -4104857.35610401 -2.99619e+06
1557000000 -4234568.12595756 -2.99714e+06
1558000000 -4364293.18640976 -2.99811e+06
1559000000 -4494017.06668480 -2.99911e+06
1560000000 -4623720.52656165 -3.00014e+06
1561000000 -4753384.32583005 -3.00118e+06
1562000000 -4907395.25311363 -2.99738e+06
1563000000 -5118292.01726026 -2.98223e+06
1564000000 -5329163.34690220 -2.96707e+06
1565000000 -5540020.68537183 -2.95189e+06
1566000000 -5750868.62994254 -2.9367e+06
1567000000 -5961711.39398648 -2.92148e+06
1568000000 -6169514.96499950 -2.89921e+06
1569000000 -6370232.66031967 -2.86048e+06
1570000000 -6570956.58062873 -2.82179e+06
1571000000 -6771681.44608603 -2.78314e+06
1572000000 -6972392.05483238 -2.74451e+06
1573000000 -7173073.20501921 -2.7059e+06
1574000000 -7365806.50942817 -2.67755e+06
1575000000 -7540053.96899953 -2.67309e+06
1576000000 -7714260.86955578 -2.66864e+06
1577000000 -7888443.32107012 -2.66417e+06
1578000000 -8062617.43352582 -2.65969e+06
1579000000 -8236799.31691654 -2.65518e+06
1580000000 -8410668.82775509 -2.64651e+06
1581000000 -8583790.35854871 -2.62815e+06
1582000000 -8756920.70181460 -2.6098e+06
1583000000 -8930057.53040476 -2.59148e+06
1584000000 -9103197.33037450 -2.57318e+06
1585000000 -9276337.07500735 -2.5549e+06
1586000000 -9445942.38116104 -2.52642e+06
1587000000 -9607275.06083259 -2.47409e+06
1588000000 -9768571.25422835 -2.42174e+06
1589000000 -9929841.12062795 -2.36937e+06
1590000000 -10091102.3582325 -2.31696e+06
1591000000 -10252372.6652531 -2.26453e+06
1592000000 -10434201.5305836 -2.23984e+06
1593000000 -10663974.0847160 -2.27994e+06
1594000000 -10893770.1268218 -2.32002e+06
1595000000 -11123582.1239058 -2.36008e+06
1596000000 -11353402.5429823 -2.40016e+06
1597000000 -11583223.8510755 -2.44026e+06
1598000000 -11788979.3596475 -2.45685e+06
1599000000 -11958632.4408463 -2.43816e+06
1600000000 -12128266.2815183 -2.41945e+06
1601000000 -12297878.7394359 -2.40071e+06
1602000000 -12467472.6333952 -2.38193e+06
1603000000 -12353564.8646470 -2.36878e+06
1604000000 -12175088.1567474 -2.35691e+06
1605000000 -12006081.1535966 -2.34485e+06
1606000000 -11837114.4915107 -2.33277e+06
1607000000 -11668175.4918682 -2.32069e+06
1608000000 -11499251.4760566 -2.3086e+06
1609000000 -11330329.7654727 -2.29654e+06
1610000000 -11164381.6082681 -2.28443e+06
1611000000 -11002892.5846112 -2.27225e+06
1612000000 -10841392.5407020 -2.26008e+06
1613000000 -10679879.8359737 -2.24791e+06
1614000000 -10518352.8298689 -2.23572e+06
1615000000 -10356812.1578015 -2.2235e+06
1616000000 -10206682.7552292 -2.21318e+06
1617000000 -10073684.3576182 -2.20575e+06
1618000000 -9940715.90044374 -2.19832e+06
1619000000 -9807781.03860354 -2.19089e+06
1620000000 -9674879.65754818 -2.18348e+06
1621000000 -9542001.32520434 -2.17609e+06
1622000000 -9302041.88860251 -2.20854e+06
1623000000 -8901441.52811507 -2.30074e+06
1624000000 -8500823.16305479 -2.39298e+06
1625000000 -8100191.08613534 -2.48524e+06
1626000000 -7699549.59007925 -2.57751e+06
1627000000 -7298902.96761726 -2.66976e+06
1628000000 -7050009.10170397 -2.68938e+06
1629000000 -7028748.83874954 -2.60005e+06
1630000000 -7007500.19267157 -2.51072e+06
1631000000 -6986273.37054853 -2.4214e+06
1632000000 -6965078.57946727 -2.3321e+06
1633000000 -6943914.61757223 -2.24283e+06
1634000000 -6844972.79321960 -2.18533e+06
1635000000 -6668235.20573414 -2.1596e+06
1636000000 -6491474.86361478 -2.1339e+06
1637000000 -6314688.64188149 -2.10822e+06
1638000000 -6137873.41556252 -2.08257e+06
1639000000 -5961036.68985703 -2.05692e+06
1640000000 -5790524.52409091 -2.04108e+06
1641000000 -5626345.14426447 -2.03502e+06
1642000000 -5462166.81100833 -2.02895e+06
1643000000 -5297993.79184536 -2.02287e+06
1644000000 -5133830.35430637 -2.01679e+06
1645000000 -4969632.12665372 -2.01078e+06
1646000000 -4788762.12220011 -2.00627e+06
1647000000 -4591247.29322539 -2.00326e+06
1648000000 -4393719.86986758 -2.00027e+06
1649000000 -4196163.08227217 -1.9973e+06
1650000000 -3998560.16059233 -1.99435e+06
1651000000 -3800914.97005394 -1.99139e+06
1652000000 -3533591.81770045 -1.99104e+06
1653000000 -3196604.67724917 -1.99328e+06
1654000000 -2859614.48629267 -1.99549e+06
1655000000 -2522625.32906761 -1.99768e+06
1656000000 -2185640.49992729 -1.99985e+06
1657000000 -1848660.16889615 -2.00202e+06
1658000000 -1665443.67267279 -1.98193e+06
1659000000 -1635991.18129611 -1.9396e+06
1660000000 -1606533.49874098 -1.89729e+06
1661000000 -1577058.10765592 -1.855e+06
1662000000 -1638604.59255549 -1.82312e+06
1663000000 -1791166.14057761 -1.80164e+06
1664000000 -1895997.61015504 -1.81435e+06
1665000000 -1953105.68523202 -1.86124e+06
1666000000 -2010201.87152245 -1.9081e+06
1667000000 -2067303.09847589 -1.95493e+06
1668000000 -2124426.29554870 -2.00172e+06
1669000000 -2181567.13187777 -2.0485e+06
1670000000 -2207380.02656175 -2.0847e+06
1671000000 -2212305.81000531 -2.11386e+06
1672000000 -2217232.98146691 -2.14304e+06
1673000000 -2222157.74778618 -2.17224e+06
1674000000 -2227074.22451566 -2.20145e+06
1675000000 -2231974.14132183 -2.23065e+06
1676000000 -2220908.52787767 -2.22588e+06
1677000000 -2199184.47013972 -2.19843e+06
1678000000 -2177446.72997724 -2.17096e+06
1679000000 -2155712.93593248 -2.14347e+06
1680000000 -2134000.71655393 -2.11595e+06
1681000000 -2112317.38286368 -2.08841e+06
1682000000 -2073148.19165167 -2.10001e+06
1683000000 -2022326.86138844 -2.1377e+06
1684000000 -1971521.07871508 -2.1754e+06
1685000000 -1920720.53027882 -2.21312e+06
1686000000 -1869916.48251473 -2.25088e+06
1687000000 -1819106.45053562 -2.28864e+06
1688000000 -1831346.94946010 -2.31958e+06
1689000000 -1885615.82774609 -2.34594e+06
1690000000 -1939876.36689292 -2.37228e+06
1691000000 -1994132.42573906 -2.3986e+06
1692000000 -2048396.33817094 -2.4249e+06
1693000000 -2102683.53622178 -2.45118e+06
1694000000 -2163898.35193052 -2.45107e+06
1695000000 -2229749.62259289 -2.43337e+06
1696000000 -2295629.39452698 -2.41568e+06
1697000000 -2361522.31405641 -2.39801e+06
1698000000 -2427413.02751027 -2.38037e+06
1699000000 -2493296.81138615 -2.36275e+06
1700000000 -2518963.86297230 -2.38976e+06
1701000000 -2517817.06358272 -2.44651e+06
1702000000 -2516662.00052065 -2.50325e+06
1703000000 -2515500.39442795 -2.55998e+06
1704000000 -2514358.70150323 -2.61667e+06
1705000000 -2513229.32746953 -2.67334e+06
1706000000 -2539564.41115149 -2.68359e+06
1707000000 -2584225.81695941 -2.6629e+06
1708000000 -2628915.43886961 -2.64223e+06
1709000000 -2673631.00250182 -2.62159e+06
1710000000 -2718355.11988895 -2.60097e+06
1711000000 -2763070.36670895 -2.58039e+06
1712000000 -2640491.57994411 -2.52155e+06
1713000000 -2446197.97690499 -2.44632e+06
1714000000 -2251883.44733489 -2.3711e+06
1715000000 -2057555.70725322 -2.29588e+06
1716000000 -1863221.68279289 -2.22065e+06
1717000000 -1668885.17575587 -2.1454e+06
1718000000 -1761218.75109507 -2.20685e+06
1719000000 -1976418.20847208 -2.32689e+06
1720000000 -2191631.98088626 -2.44695e+06
1721000000 -2407599.04925044 -2.56821e+06
1722000000 -2630168.04721520 -2.69995e+06
1723000000 -2852730.26279084 -2.83172e+06
1724000000 -2906401.34929455 -2.89714e+06
1725000000 -2887665.37408865 -2.93413e+06
1726000000 -2868892.71669816 -2.97113e+06
1727000000 -2850085.50720183 -3.00814e+06
1728000000 -2831255.83045635 -3.04514e+06
1729000000 -2812415.77132263 -3.08213e+06
1730000000 -2813246.59799895 -3.10328e+06
1731000000 -2822510.96064685 -3.11764e+06
1732000000 -2831779.84746397 -3.132e+06
1733000000 -2841053.89665197 -3.14637e+06
1734000000 -2850331.65512282 -3.16076e+06
1735000000 -2859609.28389987 -3.17518e+06
1736000000 -2839246.79587866 -3.15335e+06
1737000000 -2806162.95184158 -3.11599e+06
1738000000 -2773043.34590814 -3.07863e+06
1739000000 -2739874.07220160 -3.04126e+06
1740000000 -2706671.45203244 -3.00387e+06
1741000000 -2673451.87943462 -2.96647e+06
1742000000 -2745239.40098801 -3.01283e+06
1743000000 -2862038.49952685 -3.09508e+06
1744000000 -2978849.71927377 -3.1773e+06
1745000000 -3095672.94406684 -3.25951e+06
1746000000 -3212504.53840821 -3.34172e+06
1747000000 -3329340.86680333 -3.42394e+06
1748000000 -3356231.55503864 -3.45742e+06
1749000000 -3360627.46458083 -3.47872e+06
1750000000 -3365006.41735199 -3.50003e+06
1751000000 -3369359.71550339 -3.52131e+06
1752000000 -3373687.13623176 -3.54258e+06
1753000000 -3377991.55487810 -3.56383e+06
1754000000 -3368412.02250901 -3.56563e+06
1755000000 -3355371.10646485 -3.56255e+06
1756000000 -3342354.64075574 -3.55944e+06
1757000000 -3329372.99162918 -3.55632e+06
1758000000 -3316416.61578808 -3.55318e+06
1759000000 -3303475.96993831 -3.55005e+06
1760000000 -3283814.97745528 -3.56954e+06
1761000000 -3262473.94573779 -3.59469e+06
1762000000 -3241129.78909119 -3.61986e+06
1763000000 -3219775.50075460 -3.64505e+06
1764000000 -3198410.24012437 -3.67022e+06
1765000000 -3177029.57027885 -3.69537e+06
1766000000 -3251647.68389573 -3.75617e+06
1767000000 -3350272.27788939 -3.82586e+06
1768000000 -3448916.38251013 -3.89553e+06
1769000000 -3547595.69467744 -3.9652e+06
1770000000 -3646310.79772168 -4.03486e+06
1771000000 -3745062.23861571 -4.10452e+06
1772000000 -3739133.40253564 -4.12024e+06
1773000000 -3707038.62438776 -4.12249e+06
1774000000 -3674940.23908086 -4.12477e+06
1775000000 -3642832.46162407 -4.12708e+06
1776000000 -3610716.54570785 -4.1294e+06
1777000000 -3578593.74502495 -4.13172e+06
1778000000 -3622320.91991978 -4.15224e+06
1779000000 -3685019.62395324 -4.17731e+06
1780000000 -3747724.66845713 -4.20236e+06
1781000000 -3689883.67653899 -4.23533e+06
1782000000 -3601927.32452814 -4.27028e+06
1783000000 -3514010.31709533 -4.30525e+06
1784000000 -3349616.92690054 -4.35351e+06
1785000000 -3176737.84067463 -4.40326e+06
1786000000 -3003857.02791860 -4.45304e+06
1787000000 -2830961.04908054 -4.50286e+06
1788000000 -2658046.41938408 -4.5527e+06
1789000000 -2485111.38292338 -4.60256e+06
1790000000 -2393748.43767671 -4.63223e+06
1791000000 -2311441.39829087 -4.65964e+06
1792000000 -2229130.59608107 -4.68704e+06
1793000000 -2146822.55818163 -4.71442e+06
1794000000 -2064524.06654214 -4.7418e+06
1795000000 -1982241.90311389 -4.76919e+06
1796000000 -1820033.06838481 -4.82182e+06
1797000000 -1648957.21072736 -4.87729e+06
1798000000 -1477889.43868005 -4.93278e+06
1799000000 -1306812.66120801 -4.9883e+06
1800000000 -1135709.78727798 -5.04384e+06
1801000000 -964563.725858056 -5.09941e+06
1802000000 -833366.359516661 -5.14437e+06
1803000000 -706588.888034293 -5.18814e+06
1804000000 -579800.127859614 -5.2319e+06
1805000000 -453007.472060187 -5.27564e+06
1806000000 -326214.794365448 -5.31936e+06
1807000000 -199425.377642400 -5.36308e+06
1808000000 -77055.7018554801 -5.3842e+06
1809000000 44815.1196964329 -5.40283e+06
1810000000 166675.929276749 -5.4215e+06
1811000000 288540.964892103 -5.44019e+06
1812000000 410424.464547898 -5.45889e+06
1813000000 532340.666248602 -5.47761e+06
1814000000 620960.771540655 -5.54248e+06
1815000000 705914.110049161 -5.61249e+06
1816000000 790895.415892978 -5.68248e+06
1817000000 875889.703582204 -5.75245e+06
1818000000 960881.987625910 -5.82239e+06
1819000000 1045860.74026941 -5.8923e+06
1820000000 1246785.81270827 -5.85279e+06
1821000000 1447684.77161775 -5.81334e+06
1822000000 1648551.32593193 -5.774e+06
1823000000 1849417.15845310 -5.73468e+06
1824000000 2050285.96616934 -5.69539e+06
1825000000 2251166.27099357 -5.6561e+06
1826000000 2412602.45263463 -5.71264e+06
1827000000 2574070.89080084 -5.76916e+06
1828000000 2735573.01886178 -5.82567e+06
1829000000 2897091.60437036 -5.88215e+06
1830000000 3058609.41487878 -5.9386e+06
1831000000 3220109.21793881 -5.99503e+06
1832000000 3339907.44290092 -6.04203e+06
1833000000 3459680.56938731 -6.08902e+06
1834000000 3579434.51787281 -6.136e+06
1835000000 3699176.73001144 -6.18298e+06
1836000000 3818914.64745672 -6.22999e+06
1837000000 3938654.53013465 -6.27702e+06
1838000000 4005449.56549627 -6.34195e+06
1839000000 4072256.27432571 -6.40688e+06
1840000000 4050649.47103437 -6.40927e+06
1841000000 3896375.74877507 -6.31787e+06
1842000000 3742110.94991119 -6.22644e+06
1843000000 3587838.89490014 -6.13498e+06
1844000000 3547127.07384161 -6.01384e+06
1845000000 3506375.31016828 -5.89268e+06
1846000000 3465584.50532873 -5.77152e+06
1847000000 3424767.57908320 -5.65036e+06
1848000000 3383937.45119188 -5.52922e+06
1849000000 3343105.31254626 -5.40811e+06
1850000000 3188049.40891254 -5.20596e+06
1851000000 3032998.89146801 -5.00383e+06
1852000000 2877954.50231232 -4.8017e+06
1853000000 2722916.98354501 -4.59956e+06
1854000000 2567887.07726580 -4.3974e+06
1855000000 2425372.50651447 -4.20726e+06
1856000000 2395493.69427419 -4.12549e+06
1857000000 2365588.34008187 -4.04372e+06
1858000000 2335648.29376217 -3.96195e+06
1859000000 2305674.73804802 -3.8802e+06
1860000000 2275672.59346022 -3.79847e+06
1861000000 2240156.49418476 -3.71281e+06
1862000000 2155131.61274128 -3.59168e+06
1863000000 2070126.09998295 -3.47059e+06
1864000000 1985138.06005685 -3.34952e+06
1865000000 1900162.55475116 -3.22846e+06
1866000000 1815194.64585445 -3.1074e+06
1867000000 1730530.90601919 -2.98533e+06
1868000000 1648575.05080219 -2.85439e+06
1869000000 1566613.27168780 -2.72343e+06
1870000000 1484637.03307898 -2.59248e+06
1871000000 1402637.79937905 -2.46155e+06
1872000000 1320607.03499187 -2.33064e+06
1873000000 1234928.03533150 -2.20476e+06
1874000000 1116550.49486135 -2.12379e+06
1875000000 998192.219711882 -2.04285e+06
1876000000 879861.628672935 -1.96194e+06
1877000000 761561.131378841 -1.88104e+06
1878000000 643287.071156813 -1.80015e+06
1879000000 528849.542100069 -1.71085e+06
1880000000 448870.935065720 -1.54529e+06
1881000000 368924.385861410 -1.37948e+06
1882000000 288974.094074188 -1.21366e+06
1883000000 209017.043618787 -1.04784e+06
1884000000 129050.218410725 -882041
1885000000 50237.8566700861 -721638
1886000000 -18116.9399357271 -609604
1887000000 -86464.8232653150 -497592
1888000000 -154790.524727878 -385598
1889000000 -223078.775731906 -273613
1890000000 -291321.783260279 -161631
1891000000 -363887.760382315 -43775.3
1892000000 -453852.671013900 97563.1
1893000000 -543815.351103994 238925
1894000000 -633781.197442309 380310
1895000000 -723754.085638163 521717
1896000000 -813734.010048468 663133
1897000000 -900140.723348666 791151
1898000000 -972235.644879820 865580
1899000000 -1036138.96417272 925982
1900000000 -1025745.62466526 860218
1901000000 -1015330.58530875 794451
1902000000 -1004882.98313100 728694
1903000000 -1006568.49649702 676398
1904000000 -1056880.80079517 677911
1905000000 -1107179.66707387 679445
1906000000 -1157481.77700168 681006
1907000000 -1207803.81224612 682595
1908000000 -1258150.32185789 684208
1909000000 -1286548.78975092 690979
1910000000 -1227095.16650461 718343
1911000000 -1167646.14643849 745690
1912000000 -1108198.12503912 773019
1913000000 -1048747.35134592 800330
1914000000 -989287.195102747 827638
1915000000 -948976.522718836 831177
1916000000 -985305.193935515 739623
1917000000 -1021619.68364291 648096
1918000000 -1057936.56548005 556592
1919000000 -1094272.41308467 465109
1920000000 -1130640.06230553 373641
1921000000 -1152013.57569228 299976
1922000000 -1113309.26876602 297487
1923000000 -1074626.86492671 294991
1924000000 -1035955.25570847 292476
1925000000 -997283.332644076 289930
1926000000 -958607.749767697 287363
1927000000 -950064.878089133 274681
1928000000 -1011836.94426657 238421
1929000000 -1073603.64688251 202180
1930000000 -1135368.68114801 165961
1931000000 -1197138.92346073 129762
1932000000 -1258928.21312367 93573.9
1933000000 -1304430.78943827 63469.6
1934000000 -1311901.02503781 47548.3
1935000000 -1319404.80123180 31614.1
1936000000 -1326926.44475230 15660.5
1937000000 -1334450.28232986 -319.053
1938000000 -1341966.70700131 -16326.5
1939000000 -1339514.50601084 -32023.3
1940000000 -1313980.12936208 -45109.1
1941000000 -1288436.35936168 -58197.4
1942000000 -1262886.07831470 -71272.9
1943000000 -1237332.46141623 -84322.1
1944000000 -1211784.44244867 -97358.1
1945000000 -1202917.25519276 -116160
1946000000 -1232961.56676096 -148427
1947000000 -1263030.73168902 -180716
1948000000 -1293122.08180265 -213030
1949000000 -1323224.71285892 -245371
1950000000 -1353321.72958235 -277740
1951000000 -1370069.98669573 -296099
1952000000 -1355688.91777671 -281725
1953000000 -1341281.96883306 -267366
1954000000 -1326858.00253750 -253009
1955000000 -1312425.88156101 -238641
1956000000 -1297990.58732145 -224258
1957000000 -1291963.91774639 -221399
1958000000 -1305561.03053328 -245455
1959000000 -1315827.68261050 -260346
1960000000 -1325368.68795907 -272928
1961000000 -1334923.49338978 -285545
1962000000 -1344476.74192790 -298189
1963000000 -1351780.22122969 -311610
1964000000 -1355702.14663322 -326178
1965000000 -1359589.95653699 -340756
1966000000 -1363443.05024145 -355339
1967000000 -1367272.24080750 -369918
1968000000 -1371090.44774311 -384481
1969000000 -1377576.52388773 -390402
1970000000 -1388070.24999253 -383374
1971000000 -1398571.96547981 -376336
1972000000 -1409080.90976998 -369303
1973000000 -1419596.17583576 -362291
1974000000 -1430113.97735351 -355299
1975000000 -1432540.12799767 -354230
1976000000 -1422817.32679197 -362023
1977000000 -1413068.87614814 -369816
1978000000 -1403282.47847595 -377600
1979000000 -1393462.30831715 -385368
1980000000 -1383624.52227333 -393114
1981000000 -1383791.54361078 -400180
1982000000 -1398980.33116559 -406233
1983000000 -1414184.76255596 -412261
1984000000 -1429407.20667899 -418269
1985000000 -1444642.64234431 -424271
1986000000 -1459886.04835953 -430281
1987000000 -1462333.19686365 -443178
1988000000 -1445578.00480062 -466386
1989000000 -1428812.21132856 -489598
1990000000 -1412028.74560357 -512800
1991000000 -1395223.71796787 -535982
1992000000 -1378400.20166840 -559141
1993000000 -1373706.55767930 -576102
1994000000 -1387230.39088291 -583782
1995000000 -1400775.27949283 -591439
1996000000 -1414365.76960844 -599083
