0 0 2.20343e+07
1000000 15088635.6590432 2.20343e+07
2000000 10755465.1582761 1.74752e+07
3000000 8826290.07894036 1.54659e+07
4000000 7653546.54476467 1.42533e+07
5000000 6855690.07324053 1.34326e+07
6000000 6272621.23302807 1.28353e+07
7000000 5808454.90725212 1.23625e+07
8000000 5436872.47553123 1.19855e+07
9000000 5130332.36437339 1.16756e+07
10000000 4868920.65744478 1.1412e+07
11000000 4649171.92561571 1.11913e+07
12000000 4456834.93240203 1.09988e+07
13000000 4284399.61838597 1.08267e+07
14000000 4129404.99733280 1.06726e+07
15000000 3996233.57111784 1.0541e+07
16000000 3870135.48661765 1.04172e+07
17000000 3761849.58276841 1.03118e+07
18000000 3657474.13459461 1.02104e+07
19000000 3566989.66753933 1.01232e+07
20000000 3477369.71333090 1.00371e+07
21000000 3402090.44975037 9.96562e+06
22000000 3327075.08322857 9.89458e+06
23000000 3260030.48541407 9.83181e+06
24000000 3198191.02742400 9.77452e+06
25000000 3136682.47531798 9.71786e+06
26000000 3084722.04256529 9.67127e+06
27000000 3034235.23885172 9.62665e+06
28000000 2983947.67464873 9.58273e+06
29000000 2941113.92180307 9.54685e+06
30000000 2900118.95530485 9.51329e+06
31000000 2859233.39488758 9.48036e+06
32000000 2821451.06615019 9.45093e+06
33000000 2788626.98093717 9.42682e+06
34000000 2756147.38223127 9.40339e+06
35000000 2724047.36606434 9.38074e+06
36000000 2695621.98496185 9.36226e+06
37000000 2670632.03007479 9.34778e+06
38000000 2646011.63024348 9.33421e+06
39000000 2621720.71738991 9.32155e+06
40000000 2598728.48937819 9.31082e+06
41000000 2580337.83941646 9.30538e+06
42000000 2562285.10035561 9.30092e+06
43000000 2544782.41318608 9.29748e+06
44000000 2528039.21067120 9.29508e+06
45000000 2513724.10431843 9.29525e+06
46000000 2503462.14005897 9.29959e+06
47000000 2494469.90885800 9.30521e+06
48000000 2486884.25501441 9.31223e+06
49000000 2480838.19767426 9.32077e+06
50000000 2476449.64046516 9.33088e+06
51000000 2477165.11760576 9.34594e+06
52000000 2480350.47647144 9.36288e+06
53000000 2485786.78018801 9.38107e+06
54000000 2493700.31520316 9.40033e+06
55000000 2504404.65548063 9.42053e+06
56000000 2518231.86387151 9.44149e+06
57000000 2537935.06647117 9.46551e+06
58000000 2562152.48758074 9.49076e+06
59000000 2590439.14188863 9.51638e+06
60000000 2622493.86966818 9.54227e+06
61000000 2658602.44485950 9.56807e+06
62000000 2699150.06612622 9.59333e+06
63000000 2744209.98245117 9.6177e+06
64000000 2796238.26617775 9.64308e+06
65000000 2853133.25534954 9.66671e+06
66000000 2914689.67573556 9.68777e+06
6.7e+07 2980978.23846429 9.70576e+06
68000000 3052084.36130378 9.72011e+06
69000000 3127962.24499664 9.73036e+06
70000000 3208409.30813973 9.73609e+06
71000000 3293683.01250887 9.73737e+06
72000000 3384877.05717677 9.7351e+06
73000000 3479621.21584931 9.72709e+06
74000000 3577319.35347392 9.71286e+06
75000000 3677366.81551840 9.69203e+06
76000000 3779192.68200013 9.66415e+06
77000000 3882256.49205141 9.62868e+06
78000000 3986000.31633755 9.58529e+06
79000000 4089864.80841245 9.53378e+06
80000000 4194356.54564816 9.47497e+06
81000000 4298619.16588489 9.40849e+06
82000000 4401057.61038595 9.33378e+06
83000000 4500892.85772434 9.25112e+06
84000000 4597346.86351722 9.16081e+06
85000000 4689599.62686987 9.06312e+06
86000000 4776814.46949160 8.9583e+06
87000000 4858270.53249762 8.84665e+06
88000000 4933289.79535654 8.72849e+06
89000000 5001194.24425503 8.60415e+06
90000000 5062859.29540894 8.47554e+06
91000000 5116859.04182189 8.34225e+06
92000000 5162739.87642663 8.2048e+06
93000000 5200266.50953515 8.06396e+06
94000000 5229214.87130441 7.92062e+06
95000000 5249361.75895489 7.77567e+06
96000000 5260513.06132643 7.62992e+06
97000000 5262480.39724673 7.48422e+06
98000000 5255069.26392197 7.33935e+06
99000000 5238354.98300227 7.19602e+06
100000000 5212726.45806517 7.05483e+06
101000000 5179908.74061190 6.91772e+06
102000000 5138967.81963375 6.78393e+06
103000000 5090489.91717580 6.65408e+06
104000000 5035055.89672018 6.52877e+06
105000000 4973210.13870546 6.40863e+06
106000000 4905494.58970417 6.29427e+06
107000000 4832450.87023537 6.18629e+06
108000000 4754630.01274423 6.08501e+06
109000000 4672588.51515649 5.99057e+06
110000000 4586876.12019058 5.90304e+06
111000000 4498067.96180387 5.82249e+06
112000000 4406827.16615368 5.74879e+06
113000000 4314718.84574748 5.68269e+06
114000000 4221772.70345183 5.62344e+06
115000000 4128462.71056748 5.57072e+06
116000000 4035480.92082927 5.52441e+06
117000000 3943300.07725884 5.48434e+06
118000000 3852305.68060391 5.45031e+06
119000000 3762852.47218736 5.42221e+06
120000000 3675208.12114086 5.39993e+06
121000000 3589616.19815473 5.3828e+06
122000000 3506256.25822543 5.37032e+06
123000000 3425335.63544004 5.36202e+06
124000000 3347061.66236389 5.35744e+06
125000000 3271641.67003489 5.35611e+06
126000000 3199332.87151347 5.3578e+06
127000000 3131024.57327282 5.36296e+06
128000000 3066007.04274352 5.37038e+06
129000000 3004289.72976188 5.3798e+06
130000000 2945725.29231116 5.39099e+06
131000000 2890157.13461750 5.40374e+06
132000000 2837417.34838430 5.41784e+06
133000000 2787337.28806095 5.43305e+06
1.34e+08 2739739.84510695 5.44912e+06
135000000 2694511.81165464 5.4659e+06
136000000 2651583.69683309 5.48303e+06
137000000 2610873.76488966 5.50024e+06
138000000 2572294.68511278 5.51742e+06
139000000 2535755.33458385 5.5346e+06
140000000 2501152.37226610 5.55173e+06
141000000 2468385.78710798 5.56884e+06
142000000 2437950.31829119 5.58656e+06
143000000 2409344.95518472 5.60449e+06
144000000 2382203.53277884 5.62238e+06
145000000 2356359.73029464 5.64019e+06
146000000 2331635.53608831 5.65782e+06
147000000 2307974.06786617 5.67523e+06
148000000 2285361.27310334 5.69241e+06
149000000 2263804.80385544 5.70936e+06
150000000 2243288.33157698 5.72629e+06
151000000 2223870.16671520 5.74302e+06
152000000 2205544.69284238 5.75951e+06
153000000 2188247.87423349 5.77578e+06
154000000 2171915.67417484 5.79191e+06
155000000 2156484.05498778 5.80793e+06
156000000 2141926.13139722 5.82386e+06
157000000 2128213.84776168 5.83971e+06
158000000 2115301.27291358 5.85537e+06
159000000 2103497.65043011 5.87114e+06
160000000 2092755.29744459 5.88695e+06
161000000 2082731.10183004 5.90243e+06
162000000 2073453.14425566 5.91764e+06
163000000 2064939.55142661 5.93257e+06
164000000 2057187.29878026 5.94717e+06
165000000 2050095.55785237 5.96184e+06
166000000 2043708.71826226 5.97621e+06
167000000 2037982.55690435 5.99028e+06
168000000 2032890.34619635 6.00413e+06
169000000 2028387.59844986 6.01778e+06
170000000 2024407.51406904 6.03114e+06
171000000 2020914.67748629 6.04418e+06
172000000 2017873.67251896 6.05686e+06
173000000 2015253.32500504 6.06914e+06
174000000 2013094.14420600 6.08113e+06
175000000 2011401.41751135 6.09286e+06
176000000 2010142.54296023 6.1042e+06
177000000 2009327.76339582 6.11523e+06
178000000 2009070.96395311 6.12602e+06
179000000 2009694.82066925 6.13716e+06
180000000 2010684.00044257 6.14904e+06
181000000 2012106.82182595 6.16088e+06
182000000 2013814.50078419 6.17244e+06
183000000 2015796.03497804 6.18372e+06
184000000 2018042.94548459 6.1947e+06
185000000 2020557.99206582 6.20535e+06
186000000 2024321.23597881 6.21652e+06
187000000 2029297.11061269 6.22814e+06
188000000 2034552.10215749 6.23938e+06
189000000 2040092.41132690 6.25028e+06
190000000 2045924.23847070 6.26087e+06
191000000 2052044.53132496 6.27116e+06
192000000 2066339.06356256 6.28205e+06
193000000 2088177.98704040 6.29348e+06
194000000 2110211.24478170 6.30496e+06
195000000 2132297.91549123 6.31816e+06
196000000 2154540.44108441 6.33104e+06
197000000 2176946.24107530 6.34359e+06
198000000 2180414.97327348 6.33795e+06
199000000 2167788.77270711 6.31673e+06
200000000 2155580.23386045 6.29536e+06
201000000 2143818.73226640 6.27387e+06
202000000 2132258.70797047 6.25203e+06
203000000 2120904.84822757 6.22985e+06
204000000 2118101.21363408 6.23135e+06
205000000 2122334.75935276 6.25219e+06
206000000 2126757.84272608 6.27272e+06
207000000 2131345.94471704 6.29294e+06
208000000 2136074.54607773 6.31283e+06
209000000 2141277.17107453 6.33509e+06
210000000 2148674.29327686 6.35851e+06
211000000 2156973.16663497 6.37619e+06
212000000 2165449.61417298 6.39342e+06
213000000 2174121.02896802 6.41013e+06
214000000 2182999.75621892 6.42624e+06
215000000 2192075.66273982 6.44174e+06
216000000 2202173.81431860 6.45582e+06
217000000 2213029.27092684 6.46869e+06
218000000 2224050.15429426 6.48083e+06
219000000 2235224.60934260 6.49215e+06
220000000 2246488.41528632 6.50265e+06
221000000 2257756.37050088 6.5123e+06
222000000 2268843.01515724 6.52108e+06
223000000 2279704.99783813 6.52898e+06
224000000 2308800.74633251 6.50667e+06
225000000 2375325.95664964 6.42415e+06
226000000 2441517.77449432 6.34079e+06
227000000 2507298.45890302 6.25661e+06
228000000 2572559.21333073 6.17156e+06
229000000 2637253.34773934 6.0857e+06
230000000 2701344.67666101 5.99912e+06
231000000 2764779.03124510 5.91189e+06
232000000 2827502.02108844 5.82402e+06
233000000 2889458.98355738 5.73555e+06
234000000 2950587.49717128 5.64647e+06
235000000 3010836.50734240 5.55682e+06
236000000 3070165.51514736 5.46668e+06
237000000 3128539.79042909 5.37605e+06
238000000 3185906.87334568 5.28503e+06
239000000 3198899.67256487 5.23638e+06
240000000 3148936.83863125 5.24861e+06
241000000 3098183.81725128 5.26043e+06
242000000 3046361.27804971 5.27214e+06
243000000 2993434.50989800 5.2839e+06
244000000 2939371.32544679 5.29588e+06
245000000 2884150.77638371 5.30821e+06
246000000 2827049.82447931 5.32171e+06
247000000 2768411.83466780 5.33616e+06
248000000 2708569.68018008 5.35135e+06
249000000 2647510.01010398 5.36742e+06
250000000 2585324.20458794 5.38441e+06
251000000 2522145.60511510 5.40236e+06
252000000 2458705.23593032 5.42138e+06
253000000 2394743.84498531 5.4414e+06
254000000 2353233.39669559 5.45052e+06
255000000 2334291.12221728 5.44876e+06
256000000 2314964.42452551 5.44806e+06
257000000 2295361.97415039 5.44844e+06
258000000 2275574.61336409 5.45019e+06
259000000 2255678.38490339 5.45311e+06
260000000 2235739.02605000 5.45706e+06
261000000 2215814.63337911 5.46198e+06
262000000 2195963.41414656 5.46783e+06
263000000 2176243.71163041 5.47461e+06
264000000 2156748.76302504 5.48283e+06
265000000 2137522.54433601 5.49214e+06
266000000 2118616.31188994 5.50231e+06
2.67e+08 2100094.06260645 5.51332e+06
2.68e+08 2081975.37941374 5.52514e+06
269000000 2065615.95949647 5.53516e+06
270000000 2050776.42189080 5.54225e+06
271000000 2036456.84951680 5.54933e+06
272000000 2022629.10713884 5.55703e+06
273000000 2009326.64986247 5.56525e+06
274000000 1996588.84677457 5.5739e+06
275000000 1984455.06692926 5.5829e+06
276000000 1972974.26707316 5.59453e+06
277000000 1962163.09578933 5.60715e+06
278000000 1952041.96417195 5.6199e+06
279000000 1942635.04582703 5.6327e+06
280000000 1933914.14877032 5.64554e+06
281000000 1925830.10029175 5.6584e+06
282000000 1916877.99394303 5.67116e+06
283000000 1908241.57434640 5.68409e+06
284000000 1900342.96448164 5.69607e+06
285000000 1892987.37053456 5.70756e+06
286000000 1886013.00703568 5.71896e+06
287000000 1879385.18708149 5.73025e+06
288000000 1878551.48475811 5.73575e+06
289000000 1879562.63846720 5.73953e+06
290000000 1880862.96936615 5.74318e+06
291000000 1882439.84295017 5.74673e+06
292000000 1884279.68605275 5.75019e+06
293000000 1886368.92548445 5.75358e+06
294000000 1883226.23027160 5.76607e+06
295000000 1878920.33121966 5.78081e+06
296000000 1874796.22891002 5.79547e+06
297000000 1870781.41589662 5.81008e+06
298000000 1866809.40496825 5.8247e+06
299000000 1863086.36730490 5.83883e+06
300000000 1861548.45286376 5.8507e+06
301000000 1860618.86579947 5.86203e+06
302000000 1859869.22399524 5.87327e+06
303000000 1859296.89416229 5.88443e+06
304000000 1858887.41496310 5.89551e+06
305000000 1858626.32504119 5.90654e+06
306000000 1860677.30955315 5.91936e+06
307000000 1863302.16049800 5.93251e+06
308000000 1866048.01162113 5.94561e+06
309000000 1868906.75551942 5.95866e+06
310000000 1871870.28477209 5.97163e+06
311000000 1874930.49194087 5.98452e+06
312000000 1870811.09843507 5.98954e+06
313000000 1865514.55330553 5.9931e+06
314000000 1860389.98424967 5.99636e+06
315000000 1855395.63824818 5.99952e+06
316000000 1850519.24600756 6.00261e+06
317000000 1845940.23742552 6.00583e+06
318000000 1847705.37821538 6.01653e+06
319000000 1850565.82414203 6.02841e+06
320000000 1853501.27344076 6.04025e+06
321000000 1856505.46302226 6.05206e+06
322000000 1859574.00705872 6.06381e+06
323000000 1862702.51970714 6.0755e+06
324000000 1864214.09861259 6.08516e+06
325000000 1865556.29933253 6.09448e+06
326000000 1866961.12558027 6.10373e+06
327000000 1868437.61450331 6.11293e+06
328000000 1869994.80323471 6.12208e+06
329000000 1871679.99687468 6.13104e+06
330000000 1878310.95463000 6.14449e+06
331000000 1885545.15858690 6.15841e+06
332000000 1892827.18038220 6.17232e+06
333000000 1900148.46693739 6.1862e+06
334000000 1907506.37917501 6.20007e+06
335000000 1914901.33688378 6.21391e+06
336000000 1915502.73431682 6.2248e+06
337000000 1915473.87389982 6.23535e+06
338000000 1915495.17983284 6.24585e+06
339000000 1915573.47952469 6.25631e+06
340000000 1915715.60037115 6.26673e+06
341000000 1915928.36975509 6.27714e+06
342000000 1920693.84735542 6.28979e+06
343000000 1925868.19147078 6.30261e+06
344000000 1931131.22359005 6.31532e+06
345000000 1936448.31839555 6.32802e+06
346000000 1941809.14246053 6.34072e+06
347000000 1947206.69971909 6.35341e+06
348000000 1952179.27617861 6.36912e+06
349000000 1957181.72907062 6.38496e+06
350000000 1962247.78828976 6.40077e+06
351000000 1967383.17713693 6.41654e+06
352000000 1972592.68026270 6.43227e+06
353000000 1977876.07317466 6.448e+06
354000000 1984495.28349875 6.46499e+06
355000000 1991294.47040401 6.48206e+06
356000000 1998347.88832054 6.49929e+06
357000000 2005041.05130107 6.5168e+06
358000000 2011788.68941434 6.53429e+06
359000000 2018612.25245997 6.55169e+06
360000000 2026396.87727634 6.57214e+06
361000000 2034263.00435258 6.59262e+06
362000000 2042203.34937777 6.61307e+06
363000000 2050230.81070525 6.63347e+06
364000000 2058358.28667731 6.65381e+06
365000000 2066592.55786580 6.6741e+06
366000000 2076440.91127256 6.69861e+06
367000000 2086393.93939769 6.72309e+06
368000000 2096450.53178275 6.74754e+06
369000000 2106608.38451618 6.77197e+06
370000000 2116865.19367568 6.79637e+06
371000000 2127237.37727698 6.8208e+06
372000000 2139940.77147560 6.85161e+06
373000000 2152726.80025085 6.88235e+06
374000000 2165606.81030880 6.91297e+06
375000000 2178582.20747751 6.94352e+06
376000000 2191664.57591135 6.97399e+06
377000000 2205067.40656424 7.00473e+06
378000000 2225171.33687312 7.04624e+06
379000000 2245395.37326048 7.08767e+06
380000000 2265734.97291012 7.12904e+06
381000000 2286185.59299573 7.17034e+06
382000000 2306742.69068088 7.21159e+06
383000000 2327280.26056727 7.25331e+06
384000000 2345020.22306089 7.3078e+06
385000000 2362849.45486730 7.36219e+06
386000000 2380764.46362676 7.41649e+06
387000000 2398767.15162245 7.47068e+06
388000000 2416863.83873956 7.52475e+06
389000000 2435943.71597512 7.58066e+06
390000000 2468845.05697068 7.66786e+06
391000000 2501872.16454772 7.75494e+06
392000000 2535017.76768438 7.84191e+06
393000000 2568270.95240640 7.92878e+06
394000000 2601620.80473000 8.01554e+06
395000000 2636611.03809786 8.10858e+06
396000000 2689529.18763019 8.27479e+06
397000000 2742529.14898794 8.44089e+06
398000000 2795609.35618712 8.60686e+06
399000000 2848919.07821729 8.77283e+06
400000000 2902324.01961588 8.93866e+06
401000000 2967224.81147359 9.11555e+06
402000000 3147607.64920130 9.40568e+06
403000000 3328087.72777899 9.69563e+06
404000000 3508666.84853363 9.98539e+06
405000000 3689341.69404851 1.0275e+07
406000000 3870104.14291137 1.05645e+07
407000000 4121355.04318284 1.10717e+07
408000000 4942384.87502147 1.33419e+07
409000000 5763462.02265890 1.56119e+07
410000000 6584585.58109407 1.78817e+07
411000000 7405754.64531704 2.01514e+07
412000000 8226959.05046143 2.24209e+07
413000000 8698403.83785314 2.37462e+07
414000000 6828904.14979193 1.87536e+07
415000000 4959448.74430193 1.37608e+07
416000000 3088718.38642017 8.76858e+06
417000000 1217225.00736878 3.7766e+06
418000000 -654213.208574876 -1.21564e+06
419000000 -2200482.45396877 -5.34372e+06
420000000 -1749513.61747959 -4.16196e+06
421000000 -1298557.15056267 -2.98043e+06
422000000 -847621.885190035 -1.79911e+06
423000000 -396714.831870849 -618028
424000000 54161.4085430480 562815
425000000 450363.712968213 1.59988e+06
426000000 559662.851032487 1.88319e+06
427000000 668925.706828301 2.16623e+06
428000000 778146.298898846 2.44899e+06
429000000 887318.645778990 2.7315e+06
430000000 996436.765995275 3.01376e+06
431000000 1095624.47675343 3.26937e+06
432000000 1146567.46048426 3.39581e+06
433000000 1197484.49042126 3.52188e+06
434000000 1248335.92226886 3.6476e+06
435000000 1299041.43224765 3.77304e+06
436000000 1349588.09623313 3.8982e+06
437000000 1395888.84711543 4.01281e+06
438000000 1424610.17964954 4.08336e+06
439000000 1453167.71346441 4.15361e+06
440000000 1481553.53553528 4.22357e+06
441000000 1509759.31075172 4.29324e+06
442000000 1537763.04273661 4.36263e+06
443000000 1564358.99305422 4.42655e+06
444000000 1586255.78250511 4.47067e+06
445000000 1607883.32543941 4.51453e+06
446000000 1629217.70454671 4.55816e+06
447000000 1650279.98939695 4.60159e+06
448000000 1671457.73055985 4.64469e+06
449000000 1690654.42375383 4.68472e+06
450000000 1703031.77716274 4.71483e+06
451000000 1715035.78169290 4.74472e+06
452000000 1726659.61921325 4.77442e+06
453000000 1737896.47158498 4.80393e+06
454000000 1748730.70132990 4.83328e+06
455000000 1758454.45875426 4.86096e+06
456000000 1765555.47944090 4.88362e+06
457000000 1772199.69216811 4.90623e+06
458000000 1778371.11430243 4.9288e+06
459000000 1784055.78995280 4.95135e+06
460000000 1789244.60099238 4.9739e+06
461000000 1793248.82632520 4.99597e+06
462000000 1794804.69618797 5.01664e+06
463000000 1796684.40956157 5.03829e+06
464000000 1798374.73457687 5.06037e+06
465000000 1799606.62460198 5.0826e+06
466000000 1800393.88286742 5.105e+06
467000000 1802149.68916683 5.12635e+06
468000000 1807273.34408037 5.14457e+06
469000000 1811967.63048373 5.16307e+06
470000000 1816232.27674119 5.18188e+06
471000000 1820062.51363140 5.20109e+06
472000000 1823497.84864009 5.22064e+06
473000000 1825044.05269922 5.24485e+06
474000000 1822523.62824230 5.27995e+06
475000000 1830552.25028288 5.3096e+06
476000000 1866217.33906068 5.32464e+06
477000000 1901640.26025829 5.34009e+06
478000000 1935120.25877290 5.35684e+06
479000000 1975469.73852165 5.3927e+06
480000000 2032943.83153231 5.47212e+06
481000000 2090283.69203688 5.552e+06
482000000 2147505.41496388 5.63234e+06
483000000 2204625.09523447 5.71313e+06
484000000 2261663.23742828 5.79437e+06
485000000 2292144.09770645 5.80944e+06
486000000 2266285.79262897 5.68343e+06
487000000 2240426.33893365 5.55783e+06
488000000 2214596.34197978 5.43262e+06
489000000 2188822.35361917 5.3078e+06
490000000 2163121.25015259 5.18337e+06
491000000 2176589.12840833 5.14225e+06
492000000 2266023.30752892 5.2625e+06
493000000 2355203.35289758 5.38187e+06
494000000 2444464.88416106 5.50148e+06
495000000 2533842.87316485 5.62142e+06
496000000 2623340.71874195 5.7417e+06
497000000 2780710.61000963 5.97415e+06
498000000 3064031.67612476 6.41466e+06
499000000 3347500.61063963 6.85545e+06
500000000 3631133.28906932 7.29649e+06
501000000 3914945.16484410 7.73779e+06
502000000 4199035.28294494 8.17942e+06
503000000 4161023.21525890 8.18803e+06
504000000 3574403.07362417 7.45909e+06
505000000 2987971.30929405 6.73041e+06
506000000 2401730.74140764 6.00197e+06
507000000 1815687.26868725 5.27377e+06
508000000 1230199.41641224 4.54548e+06
509000000 826871.125072245 4.25592e+06
510000000 708350.956206911 4.65246e+06
511000000 590040.444319948 5.04918e+06
512000000 471949.976206035 5.44609e+06
513000000 354098.837943722 5.84318e+06
514000000 236506.315604368 6.24044e+06
515000000 733566.869036904 5.99484e+06
516000000 2152475.24904039 4.78487e+06
517000000 3571670.49325010 3.57504e+06
518000000 4991154.39997095 2.36534e+06
519000000 6410930.79425084 1.15578e+06
520000000 7831008.33890232 -53677.9
521000000 8603646.60042641 -821728
522000000 8482104.70014839 -980287
523000000 8361040.84799223 -1.13884e+06
524000000 8240299.31442775 -1.29737e+06
525000000 8119883.17656355 -1.45591e+06
526000000 7999795.21552629 -1.61448e+06
527000000 7724646.54516394 -1.42454e+06
528000000 7252057.73163938 -791043
529000000 6779790.59240166 -157597
530000000 6307835.96908017 475793
531000000 5836185.36769709 1.10907e+06
532000000 5364823.03647755 1.74221e+06
533000000 5086492.30566591 2.13705e+06
5.34e+08 5044010.80635076 2.24063e+06
5.35e+08 4943472.30588178 2.37504e+06
5.36e+08 4839432.64388154 2.51123e+06
537000000 4735609.47951222 2.64718e+06
538000000 4632038.26056762 2.78289e+06
539000000 4551319.27858014 2.89159e+06
540000000 4496333.17152083 2.96986e+06
541000000 4441484.71083126 3.04787e+06
542000000 4386756.89966481 3.12562e+06
543000000 4332114.94258561 3.20313e+06
544000000 4277524.04415057 3.28038e+06
545000000 4228611.49856831 3.34354e+06
546000000 4185820.41226128 3.39146e+06
547000000 4142990.80316984 3.43915e+06
548000000 4100102.94595105 3.48661e+06
549000000 4057140.96539349 3.53385e+06
550000000 4014088.98627852 3.58087e+06
551000000 3978336.01495242 3.62428e+06
552000000 3949886.24278579 3.66411e+06
553000000 3921349.08571615 3.70381e+06
554000000 3892685.39505932 3.74341e+06
555000000 3863888.36198910 3.78293e+06
556000000 3834951.32565941 3.8224e+06
557000000 3805371.17118874 3.86055e+06
558000000 3775182.76924642 3.8975e+06
559000000 3744843.08350346 3.93447e+06
560000000 3714357.37555284 3.97148e+06
561000000 3683746.73295640 4.00852e+06
562000000 3653032.24326863 4.04563e+06
563000000 3623288.34804132 4.07905e+06
564000000 3594393.42332009 4.10921e+06
565000000 3565459.92547226 4.13946e+06
566000000 3536505.16618689 4.16983e+06
567000000 3507554.96684982 4.20032e+06
568000000 3478633.12174361 4.23095e+06
569000000 3451676.86227874 4.262e+06
570000000 3426346.19309541 4.29341e+06
571000000 3401067.33956221 4.32493e+06
572000000 3375853.70665098 4.35655e+06
573000000 3350727.59861713 4.38825e+06
574000000 3325711.22646698 4.42003e+06
575000000 3302292.28495072 4.45237e+06
576000000 3280127.22610440 4.48514e+06
577000000 3258124.52958349 4.51794e+06
578000000 3236289.08500003 4.55077e+06
579000000 3214618.08168103 4.58361e+06
580000000 3193108.70894599 4.61645e+06
581000000 3175449.26890235 4.65314e+06
582000000 3160621.51274496 4.69259e+06
583000000 3145946.74173099 4.73198e+06
584000000 3131410.67529124 4.77127e+06
585000000 3117007.88227893 4.81045e+06
586000000 3102732.93153966 4.84951e+06
587000000 3139866.11474818 4.93995e+06
588000000 3211287.97796667 5.06468e+06
589000000 3282799.75702389 5.18929e+06
590000000 3354389.54918733 5.31374e+06
591000000 3426033.30988492 5.43804e+06
592000000 3497708.46443760 5.56219e+06
593000000 3486190.78078397 5.51123e+06
594000000 3436057.06604292 5.34064e+06
595000000 3395624.17538413 5.1648e+06
596000000 3355156.74546309 4.98881e+06
597000000 3314652.60338559 4.81267e+06
598000000 3274102.82319803 4.63641e+06
599000000 3218562.88867974 4.60383e+06
600000000 3154189.44713411 4.6556e+06
601000000 3089746.58954401 4.70729e+06
602000000 3025228.80038819 4.75891e+06
603000000 2960630.56413769 4.81047e+06
604000000 2895946.55173895 4.86199e+06
605000000 2875671.18337452 4.89604e+06
606000000 2879274.43156107 4.92067e+06
607000000 2882803.92945699 4.94528e+06
608000000 2886270.01192591 4.96988e+06
609000000 2889686.86396235 4.99447e+06
610000000 2893066.04053183 5.01908e+06
611000000 2900509.19038054 5.04268e+06
612000000 2910046.47988581 5.06578e+06
613000000 2919576.69789851 5.08891e+06
614000000 2929103.25860817 5.11206e+06
615000000 2938632.44247341 5.13524e+06
616000000 2948170.52994485 5.15844e+06
617000000 3023920.43212108 5.18953e+06
618000000 3130847.57549708 5.22434e+06
619000000 3237811.03933107 5.25915e+06
620000000 3344820.07822089 5.29394e+06
621000000 3451883.94675639 5.32872e+06
622000000 3559008.95971796 5.36348e+06
623000000 3555377.43025278 5.38446e+06
624000000 3504312.07691362 5.3995e+06
625000000 3453304.67229843 5.41451e+06
626000000 3402349.34831742 5.42948e+06
627000000 3351443.43401581 5.44441e+06
628000000 3300581.35530875 5.45927e+06
629000000 3314203.98472431 5.51204e+06
630000000 3354186.30232745 5.58025e+06
631000000 3394206.32569272 5.64837e+06
632000000 3434338.07301771 5.71648e+06
633000000 3474496.91664893 5.7845e+06
634000000 3514679.26605143 5.85243e+06
635000000 3852229.78825911 6.14292e+06
636000000 4299767.14695319 6.51567e+06
637000000 4747300.89144267 6.88834e+06
638000000 5194820.29225639 7.26092e+06
639000000 5642314.61991494 7.63342e+06
640000000 6089778.40497269 8.00583e+06
641000000 5764590.45751486 7.85147e+06
642000000 5181837.73616798 7.52144e+06
643000000 4599053.23297069 7.19131e+06
644000000 4016235.31330598 6.8611e+06
645000000 3433384.00290640 6.53082e+06
646000000 2850495.13811484 6.20047e+06
647000000 2962399.84657987 6.75511e+06
648000000 3293685.29131488 7.58914e+06
649000000 3624920.94362167 8.42312e+06
650000000 3956103.01032718 9.25706e+06
651000000 4287227.69824986 1.00909e+07
652000000 4618292.68410023 1.09248e+07
653000000 4609336.86357079 9.9548e+06
654000000 4505186.36528636 8.47564e+06
655000000 4400983.53435956 6.99643e+06
656000000 4296732.43194986 5.51718e+06
657000000 4192433.75857764 4.03792e+06
658000000 4088088.20129833 2.55862e+06
659000000 3714290.67002717 2.30069e+06
660000000 3268826.15182736 2.36741e+06
661000000 2823304.28544049 2.4341e+06
662000000 2377721.82813547 2.50076e+06
663000000 1932076.02768883 2.56739e+06
664000000 1486365.05907047 2.63399e+06
665000000 1488736.52867966 2.76951e+06
666000000 1596160.65160245 2.92116e+06
667000000 1703518.81478779 3.07278e+06
668000000 1810814.13328804 3.22436e+06
669000000 1918049.72214671 3.37592e+06
670000000 2025226.06637739 3.52745e+06
671000000 2074864.60869934 3.60677e+06
672000000 2112670.72216231 3.67128e+06
673000000 2150404.55206035 3.73577e+06
674000000 2188058.81728670 3.80026e+06
675000000 2225627.07764608 3.86475e+06
676000000 2263111.27169688 3.92923e+06
677000000 2296889.34448762 3.96991e+06
678000000 2329896.94358332 4.00606e+06
679000000 2362826.16549883 4.04219e+06
680000000 2395678.76349765 4.07833e+06
681000000 2428456.94038869 4.11447e+06
682000000 2461163.18484861 4.15063e+06
683000000 2473835.90527749 4.19068e+06
684000000 2483190.55430998 4.2314e+06
685000000 2492474.19818261 4.27216e+06
686000000 2501684.13140334 4.31296e+06
687000000 2510819.84733089 4.35381e+06
688000000 2519879.01676735 4.39471e+06
689000000 2563939.89396746 4.48624e+06
690000000 2612716.23559025 4.58471e+06
691000000 2661434.88675138 4.68325e+06
692000000 2710105.95797749 4.78184e+06
693000000 2758738.57875317 4.88051e+06
694000000 2807340.02414980 4.97924e+06
695000000 2769604.52684003 4.82348e+06
696000000 2721184.50015075 4.63635e+06
697000000 2672752.78145258 4.44932e+06
698000000 2624314.17572120 4.2624e+06
699000000 2575875.16719433 4.07559e+06
700000000 2527442.47658083 3.88888e+06
701000000 2542649.48937133 3.9261e+06
702000000 2564176.16725147 3.98556e+06
703000000 2585745.62037179 4.04511e+06
704000000 2607375.58991342 4.10475e+06
705000000 2629075.35359554 4.16454e+06
706000000 2650844.30281369 4.22458e+06
707000000 2644555.18908547 4.26399e+06
708000000 2635931.65967614 4.30168e+06
709000000 2627492.60539093 4.33952e+06
710000000 2619176.98961627 4.37742e+06
711000000 2610990.32758380 4.41537e+06
712000000 2602937.56276207 4.45336e+06
713000000 2601946.61156915 4.48916e+06
714000000 2601549.89517736 4.5248e+06
715000000 2601305.17569752 4.56042e+06
716000000 2601219.96700659 4.59601e+06
717000000 2601298.74365202 4.63154e+06
718000000 2601543.48048657 4.667e+06
719000000 2632431.86772956 4.61923e+06
720000000 2664749.29987221 4.5679e+06
721000000 2697211.20420091 4.51646e+06
722000000 2729802.76762540 4.46489e+06
723000000 2762509.66756216 4.41318e+06
724000000 2795318.50862021 4.36132e+06
725000000 2797890.89164020 4.40417e+06
726000000 2799599.02704757 4.44976e+06
727000000 2801366.20230685 4.49515e+06
728000000 2803177.82829215 4.54031e+06
729000000 2805015.95732523 4.58525e+06
730000000 2806862.16875748 4.62996e+06
731000000 2831918.41730459 4.66171e+06
732000000 2857178.97238577 4.69311e+06
733000000 2882384.20023424 4.7243e+06
734000000 2907509.96501086 4.75527e+06
735000000 2932531.83247966 4.78604e+06
736000000 2960522.59067736 4.81851e+06
737000000 3294985.71358407 5.03843e+06
738000000 3629285.30014281 5.25817e+06
739000000 3963410.45524439 5.47775e+06
740000000 4297350.28376993 5.69716e+06
741000000 4631094.34014517 5.91644e+06
742000000 4948387.09702115 6.12582e+06
743000000 4469442.39962569 5.85576e+06
744000000 3990276.16282792 5.58563e+06
745000000 3510881.28704285 5.31545e+06
746000000 3031252.51165439 5.04524e+06
747000000 2551391.34372830 4.77502e+06
748000000 2091573.05526653 4.51716e+06
749000000 2118121.98127785 4.55596e+06
750000000 2144448.18301487 4.59479e+06
751000000 2170562.05459022 4.63368e+06
752000000 2196475.31776095 4.67264e+06
753000000 2222200.34112078 4.7117e+06
754000000 2240648.54713934 4.75377e+06
755000000 2147685.75000727 4.84169e+06
756000000 2054574.86147089 4.92974e+06
757000000 1961330.63747750 5.01792e+06
758000000 1867967.83396452 5.10625e+06
759000000 1774502.88613089 5.19472e+06
760000000 1757831.63522080 5.23589e+06
761000000 2762484.42118718 4.64663e+06
762000000 3767080.02364908 4.05752e+06
763000000 4771631.24173649 3.46856e+06
764000000 5776199.41874082 2.87971e+06
765000000 6780792.02170580 2.29098e+06
766000000 7634175.31243114 1.79582e+06
767000000 6958692.48876505 2.24562e+06
768000000 6283230.33113535 2.69554e+06
769000000 5607796.56573923 3.14557e+06
770000000 4932398.66994597 3.59571e+06
771000000 4257044.10458088 4.04594e+06
772000000 3644833.17946412 4.46019e+06
773000000 3600613.87528918 4.54925e+06
774000000 3556450.86016137 4.63839e+06
775000000 3512345.47456348 4.72759e+06
776000000 3468299.23887550 4.81684e+06
777000000 3424309.05716026 4.90614e+06
778000000 3391267.15410588 4.99558e+06
779000000 3438178.07355260 5.08579e+06
780000000 3485143.68374553 5.17602e+06
781000000 3532164.84957542 5.26626e+06
782000000 3579239.78061462 5.35651e+06
783000000 3626365.39273272 5.44677e+06
784000000 3705199.92059842 5.62207e+06
785000000 3978569.59200462 6.31978e+06
786000000 4251979.17069708 7.01749e+06
787000000 4525424.02777954 7.7152e+06
788000000 4798898.15590861 8.41291e+06
789000000 5072395.54773102 9.1106e+06
790000000 5208049.39443648 9.50755e+06
791000000 4562509.22488179 8.20025e+06
792000000 3916986.15351672 6.89295e+06
793000000 3271480.16967879 5.58563e+06
794000000 2625991.42580671 4.27829e+06
795000000 1980560.09298671 2.97097e+06
796000000 1457313.79456687 1.95629e+06
797000000 1530456.88248915 2.37028e+06
798000000 1603608.54201032 2.78427e+06
799000000 1676765.16573525 3.19825e+06
800000000 1749923.64389508 3.61223e+06
801000000 1823080.89977932 4.0262e+06
802000000 1941024.88393731 4.27322e+06
803000000 2249914.36563433 3.80851e+06
804000000 2558798.10676465 3.34379e+06
805000000 2867677.44559567 2.87905e+06
806000000 3176556.10545023 2.4143e+06
807000000 3485436.35545861 1.94953e+06
808000000 3707970.19080564 1.63201e+06
809000000 3585102.71568159 1.90351e+06
810000000 3462229.88825433 2.17501e+06
811000000 3339347.17868926 2.44649e+06
812000000 3216451.38479638 2.71798e+06
813000000 3093539.95122247 2.98946e+06
814000000 3010670.70254756 3.23657e+06
815000000 3069812.35318177 3.39728e+06
816000000 3128933.67659848 3.55797e+06
817000000 3188033.96468192 3.71865e+06
818000000 3247115.26618132 3.87931e+06
819000000 3306179.62983626 4.03997e+06
820000000 3367306.97903968 4.13319e+06
821000000 3435376.28789541 4.0007e+06
822000000 3503429.22338908 3.86821e+06
823000000 3571343.24610516 3.73639e+06
824000000 3639202.95391931 3.60472e+06
825000000 3707030.34466369 3.47307e+06
826000000 3721942.06231767 3.38668e+06
827000000 3578179.33356476 3.43609e+06
828000000 3434383.46869102 3.4855e+06
829000000 3290555.72780589 3.5349e+06
830000000 3146697.12219133 3.5843e+06
831000000 3002744.74653255 3.63379e+06
832000000 2900679.28478953 3.68208e+06
833000000 2912375.87283434 3.72659e+06
834000000 2924049.47166884 3.77112e+06
835000000 2935699.72578532 3.81567e+06
836000000 2947324.01165417 3.86025e+06
837000000 2958918.12994847 3.90486e+06
838000000 3030189.97148637 3.96928e+06
839000000 3254971.54435543 4.08463e+06
840000000 3479720.27592258 4.2e+06
841000000 3704442.97378310 4.31541e+06
842000000 3929146.45331151 4.43085e+06
843000000 4153837.52987315 4.54631e+06
844000000 4220328.83316194 4.57604e+06
845000000 3917701.14227343 4.40572e+06
846000000 3615075.53729747 4.23543e+06
847000000 3312456.19210095 4.0652e+06
848000000 3009845.90210449 3.89503e+06
849000000 2707247.34379041 3.72491e+06
850000000 2524685.51981414 3.63927e+06
851000000 2597189.12581295 3.7331e+06
852000000 2669710.13542783 3.82698e+06
853000000 2742257.08354357 3.9209e+06
854000000 2814840.91870074 4.01486e+06
855000000 2887472.58943112 4.10884e+06
856000000 2908368.37050941 4.15404e+06
857000000 2824172.73661782 4.10013e+06
858000000 2740048.30463937 4.04625e+06
859000000 2655997.28041402 3.99239e+06
860000000 2572021.86977301 3.93856e+06
861000000 2488124.27853893 3.88474e+06
862000000 2476852.09984632 3.818e+06
863000000 2600388.59972075 3.72726e+06
864000000 2724001.74317587 3.6365e+06
865000000 2847692.47819299 3.5457e+06
866000000 2971463.79047351 3.45487e+06
867000000 3095317.01689073 3.36398e+06
868000000 3152152.62252855 3.3381e+06
869000000 3094820.04209420 3.42294e+06
870000000 3037574.01003363 3.5077e+06
871000000 2980402.99700109 3.59238e+06
872000000 2923295.45806587 3.67697e+06
873000000 2866239.84828903 3.76148e+06
874000000 2830046.42153056 3.82447e+06
875000000 2827854.95320380 3.85244e+06
876000000 2825683.56998777 3.88028e+06
877000000 2823521.51744258 3.908e+06
878000000 2821358.04112033 3.93559e+06
879000000 2819182.62442362 3.96303e+06
880000000 2816283.35209592 3.97513e+06
881000000 2812302.51583662 3.96433e+06
882000000 2808310.31787004 3.9541e+06
883000000 2804267.07749034 3.94373e+06
884000000 2800159.32073912 3.93325e+06
885000000 2795972.67923036 3.92266e+06
886000000 2795276.39137980 3.92336e+06
887000000 2799629.12342396 3.94035e+06
888000000 2803861.28508149 3.95725e+06
889000000 2807968.61382734 3.97407e+06
890000000 2811946.84712890 3.9908e+06
891000000 2815197.45320890 4.00804e+06
892000000 2817122.72877773 4.02279e+06
893000000 2817354.97599304 4.03423e+06
894000000 2817446.58800108 4.04564e+06
895000000 2817396.94265299 4.05702e+06
896000000 2817205.47425939 4.06841e+06
897000000 2816871.41688705 4.0798e+06
898000000 2816125.95885648 4.09305e+06
899000000 2814909.98538390 4.10857e+06
900000000 2813553.81878378 4.12413e+06
901000000 2812064.79469641 4.13973e+06
902000000 2810450.25654346 4.15539e+06
903000000 2808718.05827057 4.1711e+06
904000000 2827650.15702417 4.17562e+06
905000000 2870867.32731506 4.16702e+06
906000000 2913990.89488383 4.15848e+06
907000000 2957029.46304321 4.15003e+06
908000000 2999991.63509921 4.14165e+06
909000000 3042885.89542193 4.13336e+06
910000000 3064395.86640480 4.16499e+06
911000000 3062752.33016573 4.23986e+06
912000000 3061060.41497950 4.31481e+06
913000000 3059324.45802410 4.38984e+06
914000000 3057548.79647121 4.46495e+06
915000000 3055739.55632593 4.54014e+06
916000000 3181571.54251477 4.72395e+06
917000000 3435051.79428386 5.01639e+06
918000000 3688518.19047138 5.30889e+06
919000000 3941972.48905210 5.60145e+06
920000000 4195416.65279408 5.89406e+06
921000000 4448853.50311073 6.18673e+06
922000000 4340863.31901725 6.06293e+06
923000000 3885622.35495030 5.539e+06
924000000 3430379.31402126 5.01513e+06
925000000 2975133.96038301 4.49129e+06
926000000 2519885.13745841 3.96751e+06
927000000 2064630.18538493 3.44376e+06
928000000 1877133.22089695 3.25935e+06
929000000 1927080.10951123 3.37587e+06
930000000 1977019.10418180 3.49243e+06
931000000 2026951.49645008 3.60902e+06
932000000 2076878.57785226 3.72563e+06
933000000 2126800.61885737 3.84227e+06
934000000 2205149.89333972 3.85512e+06
935000000 2307714.43119445 3.77955e+06
936000000 2410274.31211312 3.70403e+06
937000000 2512829.37180922 3.62853e+06
938000000 2615378.10009282 3.55308e+06
939000000 2717917.39312597 3.47766e+06
940000000 2746743.68692501 3.50096e+06
941000000 2717667.60699900 3.60254e+06
942000000 2688579.90593111 3.70415e+06
943000000 2659484.20255722 3.8058e+06
944000000 2630384.11570873 3.90747e+06
945000000 2601282.36979270 4.00917e+06
946000000 2577538.91267630 4.04309e+06
947000000 2557676.86802059 4.02793e+06
948000000 2537816.83402908 4.01281e+06
949000000 2517959.10827743 3.99773e+06
950000000 2500203.49739823 3.98504e+06
951000000 2484282.14523268 3.97398e+06
952000000 2471617.20314452 3.98021e+06
953000000 2461212.91457817 3.99846e+06
954000000 2450805.11868804 4.01673e+06
955000000 2440394.07007595 4.03503e+06
956000000 2429983.07450393 4.05336e+06
957000000 2419576.63442094 4.07172e+06
958000000 2446809.44518852 4.10108e+06
959000000 2498112.31128295 4.13748e+06
960000000 2549424.39751448 4.17391e+06
961000000 2600743.49912490 4.21036e+06
962000000 2652067.41135283 4.24685e+06
963000000 2703394.43996471 4.28338e+06
964000000 2717652.57624832 4.29627e+06
965000000 2710138.72050193 4.29531e+06
966000000 2702622.32034866 4.29437e+06
967000000 2695101.34536853 4.29345e+06
968000000 2687576.45693597 4.29254e+06
969000000 2680051.50370909 4.29166e+06
970000000 2682361.50487730 4.30919e+06
971000000 2690208.85177279 4.33709e+06
972000000 2698064.11700806 4.36501e+06
973000000 2705927.78788527 4.39295e+06
974000000 2713796.06980523 4.42092e+06
975000000 2721665.11791360 4.44892e+06
976000000 2656135.33484564 4.5526e+06
977000000 2552791.02193270 4.69528e+06
978000000 2449442.20780028 4.838e+06
979000000 2346088.98796177 4.98073e+06
980000000 2242731.66272811 5.12348e+06
981000000 2139371.39105992 5.26624e+06
982000000 2302673.40187151 5.04272e+06
983000000 2591467.18931656 4.64684e+06
984000000 2880268.34634078 4.25098e+06
985000000 3169082.06026491 3.85515e+06
986000000 3457905.80342475 3.45934e+06
987000000 3746735.14928682 3.06356e+06
988000000 3727789.85104784 2.99882e+06
989000000 3570566.54187431 3.08283e+06
990000000 3413340.47762737 3.16686e+06
991000000 3256111.47982816 3.25092e+06
992000000 3098881.51044245 3.33499e+06
993000000 2941652.53143535 3.41908e+06
994000000 2881824.78967772 3.51434e+06
995000000 2861785.00418467 3.61416e+06
996000000 2841753.49126028 3.714e+06
997000000 2821732.96526868 3.81386e+06
998000000 2801724.79467530 3.91373e+06
999000000 2782117.27844306 4.01718e+06
1000000000 2844318.24196982 4.12049e+06
1.001e+09 2938287.70726524 4.223e+06
1002000000 3032256.19336054 4.32552e+06
1.003e+09 3126218.26476692 4.42806e+06
1004000000 3220177.04979439 4.53063e+06
1.005e+09 3314135.77725932 4.6332e+06
1006000000 3240450.41701141 4.62245e+06
1.007e+09 3094921.46816798 4.56312e+06
1008000000 2949399.01463131 4.50381e+06
1.009e+09 2790818.06026795 4.42099e+06
1010000000 2598988.29844476 4.2839e+06
1.011e+09 2407170.32153867 4.14684e+06
1012000000 2345064.85562558 4.07583e+06
1.013e+09 2315392.57599257 4.02136e+06
1014000000 2285723.98165670 3.96691e+06
1.015e+09 2256056.57593123 3.91249e+06
1016000000 2226386.80730729 3.85809e+06
1.017e+09 2196714.41500814 3.8037e+06
1018000000 2178867.34921073 3.76455e+06
1.019e+09 2163982.59312383 3.72921e+06
1020000000 2149109.39662477 3.69388e+06
1.021e+09 2134251.68766431 3.65855e+06
1022000000 2119409.11330474 3.62324e+06
1.023e+09 2104581.32061055 3.58794e+06
1024000000 2035666.08998180 3.52011e+06
1.025e+09 1953239.14653914 3.44417e+06
1026000000 1870825.22782045 3.36825e+06
1.027e+09 1788418.70529937 3.29235e+06
1028000000 1706012.60300781 3.21647e+06
1.029e+09 1623600.02887301 3.14059e+06
1030000000 1571832.17126885 3.08304e+06
1.031e+09 1527721.61982533 3.03008e+06
1032000000 1483608.45254239 2.97712e+06
1.033e+09 1439496.11408972 2.92415e+06
1034000000 1395383.76724109 2.87119e+06
1.035e+09 1351270.52452060 2.81823e+06
1036000000 1304987.60954912 2.76836e+06
1.037e+09 1258152.64807612 2.71928e+06
1038000000 1211301.33252139 2.67024e+06
1.039e+09 1164427.76488864 2.62123e+06
1040000000 1117525.46910215 2.57225e+06
1.041e+09 1070587.96909005 2.5233e+06
1042000000 1032752.45156809 2.44009e+06
1.043e+09 997158.210572124 2.34833e+06
1044000000 961517.290067162 2.25661e+06
1.045e+09 925842.881099085 2.16494e+06
1046000000 890145.722369215 2.07332e+06
1.047e+09 854437.953925637 1.98177e+06
1048000000 807750.879227686 1.93167e+06
1.049e+09 759839.556018271 1.88625e+06
1050000000 711924.112101655 1.84093e+06
1.051e+09 664006.127211669 1.79573e+06
1052000000 616089.321532454 1.75065e+06
1.053e+09 568178.744134438 1.70569e+06
1054000000 524077.108742562 1.65279e+06
1.055e+09 480425.029086997 1.5991e+06
1056000000 436812.218903370 1.54551e+06
1.057e+09 393259.490733085 1.49202e+06
1058000000 355822.517681538 1.4645e+06
1059000000 319163.419734377 1.43997e+06
1060000000 285947.517222990 1.41802e+06
1061000000 253246.652926505 1.39645e+06
1062000000 220704.943853399 1.37498e+06
1063000000 188321.531696424 1.3536e+06
1064000000 156095.558154546 1.33229e+06
1065000000 124026.164933021 1.31105e+06
1066000000 136958.088223499 1.29951e+06
1067000000 155043.643307209 1.28905e+06
1.068e+09 173308.795471967 1.27856e+06
1069000000 273334.833184746 1.39516e+06
1.07e+09 382620.884846416 1.5258e+06
1071000000 492107.683914399 1.65635e+06
1.072e+09 479332.163847372 1.73917e+06
1073000000 453149.124777777 1.81658e+06
1074000000 427164.055642867 1.89388e+06
1075000000 401345.880904464 1.97105e+06
1076000000 375662.027045196 2.04806e+06
1077000000 350081.044045093 2.12489e+06
1078000000 401928.593408803 2.23915e+06
1079000000 462420.261204105 2.35738e+06
1080000000 522944.735962263 2.47538e+06
1081000000 583492.278793815 2.59313e+06
1082000000 644053.150817184 2.71063e+06
1083000000 704614.955396416 2.82786e+06
1084000000 760244.440051493 2.94483e+06
1085000000 815826.205418042 3.06158e+06
1086000000 871335.925586359 3.17814e+06
1087000000 926744.375255038 3.29453e+06
1088000000 982020.981686845 3.41075e+06
1089000000 1037138.83309586 3.52683e+06
1090000000 1079479.19837673 3.65634e+06
1091000000 1121606.42379316 3.7857e+06
1092000000 1163505.83853573 3.91493e+06
1093000000 1205189.02244765 4.04405e+06
1094000000 1246667.55538123 4.17308e+06
1095000000 1287953.01719802 4.30204e+06
1096000000 1416531.79886220 4.30372e+06
1097000000 1544932.26013922 4.3054e+06
1098000000 1673149.12261228 4.3071e+06
1099000000 1801174.82718140 4.30888e+06
1100000000 1929001.81475620 4.31074e+06
1101000000 2056630.74483952 4.31272e+06
1102000000 2071670.59057665 4.47784e+06
1103000000 2086533.99178958 4.64305e+06
1104000000 2101233.41120461 4.80838e+06
1105000000 2115795.04708821 4.97381e+06
1106000000 2130244.20492062 5.13935e+06
1107000000 2144609.05767489 5.30501e+06
1108000000 2192531.15608816 5.42919e+06
1109000000 2240425.38424148 5.55353e+06
1110000000 2288301.31849013 5.67804e+06
1111000000 2336155.04203488 5.80271e+06
1112000000 2383982.63808728 5.92756e+06
1113000000 2431781.51875110 6.05258e+06
1114000000 2489444.12858690 6.18097e+06
1115000000 2547086.49908277 6.3095e+06
1116000000 2602549.50230868 6.40489e+06
1117000000 2649317.88059591 6.36732e+06
1118000000 2696122.83041216 6.32984e+06
1119000000 2748767.03756602 6.28878e+06
1120000000 2853545.29084360 6.21491e+06
1121000000 2958396.08355862 6.14116e+06
1122000000 3063324.63935698 6.06751e+06
1123000000 3168358.16219333 5.99403e+06
1124000000 3273453.80272472 5.92066e+06
1125000000 3365087.93636579 5.84898e+06
1126000000 3335146.59841648 5.79151e+06
1127000000 3305236.82418896 5.73412e+06
1128000000 3265175.82813109 5.63409e+06
1129000000 3218449.74903530 5.50574e+06
1130000000 3171809.29159299 5.37743e+06
1131000000 3132876.88630982 5.25285e+06
1132000000 3162518.89022105 5.16141e+06
1133000000 3192278.29012131 5.07003e+06
1134000000 3222152.44824504 4.97872e+06
1135000000 3252140.88254422 4.88749e+06
1136000000 3282242.91501056 4.79634e+06
1137000000 3315149.49702401 4.70226e+06
1138000000 3372424.65780356 4.58138e+06
1139000000 3429797.59324801 4.46051e+06
1140000000 3487272.31980423 4.33963e+06
1141000000 3544859.60051506 4.21873e+06
1142000000 3602570.88204655 4.09779e+06
1143000000 3659706.43823628 3.98406e+06
1144000000 3710583.70960200 3.93553e+06
1145000000 3761617.85832262 3.88695e+06
1146000000 3812789.87129233 3.8383e+06
1147000000 3864080.73541911 3.78959e+06
1148000000 3915471.43762477 3.74082e+06
1149000000 3963245.69330448 3.67756e+06
1150000000 3977759.17173837 3.4844e+06
1151000000 3992329.33953711 3.29112e+06
1152000000 4006946.43531326 3.09772e+06
1153000000 4021600.69769356 2.90417e+06
1154000000 4036283.36920985 2.71045e+06
1155000000 4044326.76720365 2.51772e+06
1156000000 3992428.87682751 2.33506e+06
1157000000 3940542.49002821 2.15227e+06
1158000000 3888649.50012341 1.96936e+06
1159000000 3836729.51975260 1.78634e+06
1160000000 3784760.86110430 1.60321e+06
1161000000 3758009.74469083 1.43499e+06
1162000000 3832318.96753659 1.32671e+06
1163000000 3906522.04944730 1.21834e+06
1164000000 3980623.22513559 1.10991e+06
1165000000 4054620.95617469 1.00141e+06
1166000000 4128516.08133426 892827
1167000000 4207988.89368238 790155
1168000000 4310074.01072280 711283
1169000000 4412065.18034705 632399
1170000000 4513964.61870238 553525
1171000000 4615774.54195146 474682
1172000000 4717495.79905277 395883
1173000000 4767867.25133099 266812
1174000000 4613106.42679298 -63489.7
1175000000 4458199.13047979 -325104
1176000000 4303131.39450954 -483715
1177000000 4148005.53100788 -642266
1178000000 3992838.04849819 -800754
1179000000 3889393.89399863 -902422
1180000000 3992919.80425261 -777063
1181000000 4096446.68335512 -651634
1182000000 4199980.21985362 -526132
1183000000 4303526.10231166 -400551
1184000000 4407089.51736372 -274891
1185000000 4494072.75720065 -132756
1186000000 4514675.30074062 75059.4
1187000000 4527000.04806138 280988
1188000000 4506134.15519475 479209
1189000000 4485301.21574052 677459
1190000000 4464506.60278825 875733
1191000000 4442318.44932338 966401
1192000000 4414428.88834795 626584
1193000000 4386592.11685559 286780
1194000000 4358806.11869314 -52998.9
1195000000 4331061.55927468 -392773
1196000000 4303353.15696266 -732546
1197000000 4291251.03013637 -895046
1198000000 4315517.09719208 -643915
1199000000 4339805.25579795 -392792
1200000000 4364112.18715857 -141680
1201000000 4388434.57249555 109413
1202000000 4412769.77665752 360487
1203000000 4413194.72500158 503920
1204000000 4357813.17519645 396215
1205000000 4302440.27042020 288498
1206000000 4247075.25386813 180771
1207000000 4191717.25740175 73034.9
1208000000 4136363.65278933 -34702
1209000000 4088902.25007160 -93716.9
1210000000 4059843.57541404 -39088.9
1211000000 4030781.00041452 15538.1
1212000000 4001716.33780356 70164.9
1213000000 3972650.44929286 124792
1214000000 3943583.47828455 179418
1215000000 3918948.66819839 238012
1216000000 3904657.25571641 305865
1217000000 3890367.19118967 373718
1218000000 3876080.32498689 441574
1219000000 3861798.50749448 509432
1220000000 3847522.28865092 577293
1221000000 3837009.38847289 637207
1222000000 3835270.02397306 678576
1223000000 3833538.36362090 719955
1224000000 3831816.74027512 761359
1225000000 3830101.33520131 802764
1226000000 3828391.87386012 844169
1227000000 3818077.10630640 889881
1228000000 3787675.45747166 945641
1229000000 3757278.03923155 1.0014e+06
1230000000 3726883.59573131 1.05715e+06
1231000000 3696492.96069454 1.1129e+06
1232000000 3666107.38077002 1.16864e+06
1233000000 3677172.60318952 1.22675e+06
1234000000 3752657.14210310 1.26393e+06
1235000000 3829109.58249488 1.29062e+06
1236000000 3905566.12903918 1.31731e+06
1237000000 3982025.64857744 1.34399e+06
1238000000 4058490.40598432 1.37068e+06
1239000000 4068047.81061783 1.3546e+06
1240000000 3977233.91657223 1.27431e+06
1241000000 3886420.53360384 1.19402e+06
1242000000 3795606.17148707 1.11372e+06
1243000000 3704791.24208732 1.03342e+06
1244000000 3613977.59394224 953113
1245000000 3554715.34227442 925673
1246000000 3542780.32236893 977537
1247000000 3532814.80722788 1.04048e+06
1248000000 3523074.11463321 1.10464e+06
1249000000 3513339.19938488 1.1688e+06
1250000000 3503609.20272972 1.23296e+06
1251000000 3492632.73259949 1.27139e+06
1252000000 3479783.70298763 1.27122e+06
1253000000 3466939.90051784 1.27108e+06
1254000000 3454101.91720115 1.27096e+06
1255000000 3441264.82997303 1.27085e+06
1256000000 3428428.04455765 1.27072e+06
1257000000 3436349.65910636 1.2651e+06
1258000000 3475411.55819281 1.25123e+06
1259000000 3514482.13797648 1.23735e+06
1260000000 3553589.95647213 1.2235e+06
1261000000 3592705.93421524 1.20965e+06
1262000000 3631828.01758414 1.1958e+06
1263000000 3630351.55184537 1.20317e+06
1264000000 3567973.71514324 1.24239e+06
1265000000 3505597.57339224 1.28162e+06
1266000000 3443222.27833556 1.32085e+06
1267000000 3380846.96005362 1.36007e+06
1268000000 3318474.01038999 1.39934e+06
1269000000 3279692.72754059 1.44127e+06
1270000000 3264502.31222224 1.48582e+06
1271000000 3249315.17006261 1.53037e+06
1272000000 3234133.87478662 1.57492e+06
1273000000 3218960.04910102 1.61947e+06
1274000000 3203794.59740361 1.66401e+06
1275000000 3223318.72736112 1.64964e+06
1276000000 3277528.93403541 1.57635e+06
1277000000 3331739.21250646 1.50306e+06
1278000000 3385946.42977514 1.42978e+06
1279000000 3440150.78886189 1.3565e+06
1280000000 3494352.49280523 1.28321e+06
1281000000 3490265.32799503 1.27734e+06
1282000000 3427889.47781748 1.33887e+06
1283000000 3365513.39843116 1.40047e+06
1284000000 3303138.47227271 1.46211e+06
1285000000 3240766.53025545 1.52374e+06
1286000000 3178400.64626371 1.58538e+06
1287000000 3151669.07604859 1.62096e+06
1288000000 3160567.80257101 1.63049e+06
1289000000 3169465.97547637 1.64003e+06
1290000000 3178359.57776126 1.64957e+06
1291000000 3187246.68200051 1.65911e+06
1292000000 3196125.77369391 1.66866e+06
1293000000 3193419.82700829 1.67137e+06
1294000000 3178978.94283668 1.6722e+06
1295000000 3164535.85156170 1.67303e+06
1296000000 3150092.80857291 1.67384e+06
1297000000 3135652.11263954 1.67465e+06
1298000000 3121209.92697802 1.67558e+06
1299000000 3097920.31914496 1.67919e+06
1300000000 3065786.55132923 1.68543e+06
1301000000 3033660.93788181 1.69166e+06
1302000000 3001538.64825159 1.6979e+06
1303000000 2969414.22490689 1.70415e+06
1304000000 2937282.21033353 1.71039e+06
1305000000 2952173.42527893 1.74569e+06
1306000000 3002512.70117480 1.80113e+06
1307000000 3056359.85755924 1.85749e+06
1308000000 3110208.25661224 1.91385e+06
1309000000 3164059.40569861 1.97018e+06
1310000000 3217914.77797847 2.02651e+06
1311000000 3196653.49259244 2.04197e+06
1312000000 3125316.26869824 2.03018e+06
1313000000 3053954.91003449 2.01866e+06
1314000000 2982588.06470486 2.00721e+06
1315000000 2911217.58324139 1.99575e+06
1316000000 2839837.98733407 1.9843e+06
1317000000 2828920.42443202 1.94898e+06
1318000000 2858304.36173872 1.89773e+06
1319000000 2887672.09844108 1.84649e+06
1320000000 2917030.57393596 1.79524e+06
1321000000 2946386.72763698 1.74398e+06
1322000000 2975747.49897448 1.6927e+06
1323000000 2978308.60904076 1.68611e+06
1324000000 2963004.67430693 1.7093e+06
1325000000 2947705.47792742 1.7325e+06
1326000000 2932410.45724525 1.75572e+06
1327000000 2917119.02793894 1.77896e+06
1328000000 2901943.29623382 1.80276e+06
1329000000 2899689.73283798 1.79653e+06
1330000000 2906038.24427008 1.77022e+06
1331000000 2912377.62789278 1.74392e+06
1332000000 2918714.96301462 1.7176e+06
1333000000 2925058.58295640 1.69128e+06
1334000000 2931416.82105499 1.66495e+06
1335000000 2915615.15459216 1.68726e+06
1336000000 2885051.06067213 1.74199e+06
1337000000 2854510.71600331 1.79672e+06
1338000000 2823986.67006772 1.85144e+06
1339000000 2793471.47236327 1.90617e+06
1340000000 2762957.74084739 1.9609e+06
1341000000 2791615.32077582 1.94453e+06
1342000000 2845624.89866301 1.89769e+06
1343000000 2899520.25336451 1.84889e+06
1344000000 2953398.60736828 1.80006e+06
1345000000 3007257.78555160 1.7512e+06
1346000000 3061100.23745110 1.7023e+06
1347000000 3056324.78993682 1.73414e+06
1348000000 3026427.40322746 1.80057e+06
1349000000 2996528.70695720 1.86699e+06
1350000000 2966617.05038934 1.93341e+06
1351000000 2936723.92772806 1.99934e+06
1352000000 2906895.21483466 2.0641e+06
1353000000 2889526.94870171 2.07112e+06
1354000000 2877465.22348253 2.05342e+06
1355000000 2865352.43097267 2.03574e+06
1356000000 2853194.82377632 2.01808e+06
1357000000 2840998.65451247 2.00044e+06
1358000000 2827840.65157739 1.98266e+06
1359000000 2839542.74912498 1.99883e+06
1360000000 2861901.50324774 2.02958e+06
1361000000 2884267.47005269 2.06039e+06
1362000000 2906647.79802992 2.09128e+06
1363000000 2929049.00868597 2.12224e+06
1364000000 2951468.62695661 2.15329e+06
1365000000 3001373.25992260 2.19315e+06
1366000000 3064054.83958624 2.23614e+06
1367000000 3126751.36782666 2.27919e+06
1368000000 3189481.20507370 2.3223e+06
1369000000 3252262.71177126 2.36544e+06
1370000000 3315114.21415539 2.4086e+06
1371000000 3254352.91438278 2.3569e+06
1372000000 3140981.60803006 2.26501e+06
1373000000 3030416.75854790 2.17737e+06
1374000000 2919961.16964487 2.08975e+06
1375000000 2809616.98061354 2.00214e+06
1376000000 2699377.08147232 1.91453e+06
1377000000 2719948.16196750 1.92779e+06
1378000000 2773275.00841258 1.96623e+06
1379000000 2826664.38294270 2.00461e+06
1380000000 2880110.75982029 2.0429e+06
1381000000 2933609.52885059 2.08109e+06
1382000000 2987165.34818779 2.11916e+06
1383000000 3012255.84933256 2.14731e+06
1384000000 3030280.96046520 2.17288e+06
1385000000 3048357.50119088 2.19832e+06
1386000000 3066461.81287357 2.22364e+06
1387000000 3085204.59259477 2.24962e+06
1388000000 3106464.32193873 2.27856e+06
1389000000 3141742.10110739 2.30028e+06
1390000000 3180464.71992248 2.32011e+06
1391000000 3219100.71545396 2.33983e+06
1392000000 3257634.95811746 2.35944e+06
1393000000 3296052.31834100 2.37893e+06
1394000000 3334355.65973501 2.39831e+06
1395000000 3268674.73990154 2.38409e+06
1396000000 3176923.94978800 2.36143e+06
1397000000 3085074.36016810 2.33873e+06
1398000000 2993121.28746651 2.31602e+06
1399000000 2901056.91786798 2.29332e+06
1400000000 2808867.75517516 2.27065e+06
1401000000 2815415.50320243 2.26872e+06
1402000000 2861906.35302406 2.27811e+06
1403000000 2944138.24027702 2.30172e+06
1404000000 3026250.19784861 2.32539e+06
1405000000 3108258.79555037 2.34913e+06
1406000000 3190185.22784900 2.37293e+06
1407000000 3224715.14520712 2.42963e+06
1408000000 3247374.79486973 2.49462e+06
1409000000 3270017.69869160 2.55972e+06
1410000000 3292625.08559468 2.62462e+06
1411000000 3315213.84939672 2.68934e+06
1412000000 3337819.84319835 2.75418e+06
1413000000 3378796.03417890 2.83977e+06
1414000000 3424385.50760678 2.93064e+06
1415000000 3469997.08019631 3.0216e+06
1416000000 3515643.26756803 3.11264e+06
1417000000 3513757.83591495 3.15841e+06
1418000000 3440569.28523549 3.13622e+06
1419000000 3471466.33291872 2.96074e+06
1420000000 3514025.77380555 2.76825e+06
1421000000 3556689.74550721 2.57577e+06
1422000000 3599455.17191624 2.38332e+06
1423000000 3642318.97693514 2.19089e+06
1424000000 3685269.08789128 1.99847e+06
1425000000 3555914.13471709 1.85125e+06
1426000000 3407517.99241834 1.709e+06
1427000000 3259168.16670378 1.56672e+06
1428000000 3110851.79476463 1.42438e+06
1429000000 2962562.27430525 1.28198e+06
1430000000 2814304.36782721 1.1395e+06
1431000000 2751293.03784155 1.12005e+06
1432000000 2727069.23747254 1.16709e+06
1433000000 2732155.53818222 1.26698e+06
1434000000 2737263.07892966 1.3668e+06
1435000000 2742376.02961633 1.46659e+06
1436000000 2747477.84338319 1.56634e+06
1437000000 2722563.67338014 1.57292e+06
1438000000 2694279.20388999 1.56913e+06
1439000000 2665952.14867367 1.56531e+06
1440000000 2637578.18816738 1.56145e+06
1441000000 2609153.91834539 1.55755e+06
1442000000 2580685.20352640 1.55362e+06
1443000000 2584336.59802788 1.60768e+06
1444000000 2591530.67290884 1.66817e+06
1445000000 2598702.28256989 1.72866e+06
1446000000 2605859.46475310 1.78916e+06
1447000000 2615450.91044699 1.84078e+06
1448000000 2626652.35312512 1.8865e+06
1449000000 2641482.19676144 1.85997e+06
1450000000 2656682.70842929 1.82545e+06
1451000000 2671851.46346238 1.79096e+06
1452000000 2686993.23754861 1.75649e+06
1453000000 2702116.15960561 1.72203e+06
1454000000 2717228.35855849 1.68759e+06
1455000000 2825547.25712515 1.65433e+06
1456000000 2933869.99827254 1.62108e+06
1457000000 3042202.46398507 1.58784e+06
1458000000 3150550.53625438 1.55462e+06
1459000000 3258916.96682741 1.52142e+06
1460000000 3367298.82506432 1.48825e+06
1461000000 3279405.44554037 1.55051e+06
1462000000 3191578.53085902 1.61058e+06
1463000000 3103776.11025243 1.66971e+06
1464000000 3015965.03175138 1.72885e+06
1465000000 2928149.71911053 1.78798e+06
1466000000 2840336.02962996 1.8471e+06
1467000000 2831779.82061628 1.85881e+06
1468000000 2823233.96715370 1.8705e+06
1469000000 2814797.15671340 1.88171e+06
1470000000 2806394.39561887 1.8928e+06
1471000000 2797999.41962156 1.90388e+06
1472000000 2789610.70042455 1.91497e+06
1473000000 2828279.96308947 1.96048e+06
1474000000 2866947.99921743 2.006e+06
1475000000 2905608.93374873 2.05151e+06
1476000000 2944256.89162945 2.09703e+06
1477000000 2982835.60166198 2.14159e+06
1478000000 3021388.37128165 2.18592e+06
1479000000 2945006.78650272 2.15454e+06
1480000000 2868622.88471632 2.12315e+06
1481000000 2792242.45331898 2.09175e+06
1482000000 2715870.08692913 2.06035e+06
1483000000 2639503.67372624 2.02895e+06
1484000000 2563408.87652144 1.99706e+06
1485000000 2560394.02624405 2.02267e+06
1486000000 2557379.63981645 2.0483e+06
1487000000 2554364.72891968 2.07394e+06
1488000000 2551347.62473833 2.09958e+06
1489000000 2548326.34057502 2.12523e+06
1490000000 2553730.43154496 2.14252e+06
1491000000 2635012.38167348 2.08456e+06
1492000000 2716248.40400776 2.02616e+06
1493000000 2797478.13230011 1.96765e+06
1494000000 2878718.47332751 1.90913e+06
1495000000 2959969.41071052 1.85061e+06
1496000000 3027101.84463797 1.80205e+06
1497000000 2967085.79817069 1.84322e+06
1498000000 2907073.00046003 1.88438e+06
1499000000 2847059.88066142 1.92556e+06
1500000000 2787043.92700526 1.96674e+06
1501000000 2727024.11266418 2.00793e+06
1502000000 2673415.41081456 2.04495e+06
1503000000 2677544.83462695 2.04448e+06
1504000000 2681669.53067546 2.04401e+06
1505000000 2685790.64553776 2.04352e+06
1506000000 2689911.61127282 2.04304e+06
1507000000 2693998.35723493 2.04227e+06
1508000000 2697107.45998537 2.04419e+06
1509000000 2691398.91997087 2.07064e+06
1510000000 2685692.41176673 2.09709e+06
1511000000 2679983.70995139 2.12355e+06
1512000000 2674269.18549809 2.15002e+06
1513000000 2668548.56260520 2.17649e+06
1514000000 2662476.48850025 2.20066e+06
1515000000 2653292.48226611 2.20402e+06
1516000000 2644103.89632182 2.20738e+06
1517000000 2634911.58308918 2.21074e+06
1518000000 2625717.75599521 2.21409e+06
1519000000 2616525.26424310 2.21744e+06
1520000000 2612593.66155832 2.21263e+06
1521000000 2655978.36518220 2.13442e+06
1522000000 2699339.72940481 2.05603e+06
1523000000 2742704.62757775 1.97764e+06
1524000000 2786069.31574377 1.89926e+06
1525000000 2829430.04994784 1.82088e+06
1526000000 2857174.04386417 1.76811e+06
1527000000 2822459.39625718 1.81774e+06
1528000000 2787598.99931910 1.86723e+06
1529000000 2752735.64439983 1.91672e+06
1530000000 2717870.73344344 1.96621e+06
1531000000 2683004.92592675 2.01568e+06
1532000000 2659493.07567405 2.05014e+06
1533000000 2681398.40581338 2.02453e+06
1534000000 2703306.13947441 1.99892e+06
1535000000 2725217.49978832 1.97332e+06
1536000000 2747128.21275782 1.94771e+06
1537000000 2769027.26483674 1.92197e+06
1538000000 2783003.88744671 1.90691e+06
1539000000 2765310.11360425 1.93455e+06
1540000000 2747608.23199370 1.96219e+06
1541000000 2729899.61319390 1.98982e+06
1542000000 2712186.81211121 2.01745e+06
1543000000 2694276.81503826 2.04493e+06
1544000000 2677812.72498671 2.06718e+06
1545000000 2670259.41490087 2.07111e+06
1546000000 2662707.44993347 2.07504e+06
1547000000 2655157.12857136 2.07898e+06
1548000000 2647608.06880085 2.08292e+06
1549000000 2640059.57072208 2.08686e+06
1550000000 2642579.64658058 2.09667e+06
1551000000 2685367.56239400 2.12988e+06
1552000000 2728118.68216698 2.16303e+06
1553000000 2770862.32723615 2.19619e+06
1554000000 2813601.67101032 2.22934e+06
1555000000 2856339.88689864 2.26249e+06
1556000000 2899982.88107882 2.27651e+06
1557000000 2947239.71480011 2.214e+06
1558000000 2994499.79268638 2.15149e+06
1559000000 3041762.66550984 2.08898e+06
1560000000 3089027.61211426 2.02648e+06
1561000000 3136293.91134342 1.96397e+06
1562000000 3140049.35419686 1.92972e+06
1563000000 3042277.29335220 1.96136e+06
1564000000 2944501.77837963 1.99301e+06
1565000000 2846720.96082638 2.02465e+06
1566000000 2748934.31127419 2.05627e+06
1567000000 2651141.10632111 2.08785e+06
1568000000 2578409.05806866 2.11816e+06
1569000000 2564158.20709835 2.14553e+06
1570000000 2549911.29399115 2.1729e+06
1571000000 2535668.99554082 2.20026e+06
1572000000 2521429.61988758 2.22763e+06
1573000000 2507191.47517100 2.255e+06
1574000000 2509751.60922268 2.25041e+06
1575000000 2551507.65839263 2.17122e+06
1576000000 2593262.20643481 2.09203e+06
1577000000 2635014.36530421 2.01285e+06
1578000000 2676763.24695482 1.93367e+06
1579000000 2718507.96333966 1.85449e+06
1580000000 2756139.90212121 1.80564e+06
1581000000 2784178.38480468 1.82756e+06
1582000000 2812214.11119394 1.84945e+06
1583000000 2840254.39414844 1.87134e+06
1584000000 2868299.08357774 1.89323e+06
1585000000 2896350.02322225 1.91513e+06
1586000000 2899831.99193727 1.94046e+06
1587000000 2845937.36779239 1.97375e+06
1588000000 2792040.24617552 2.00705e+06
1589000000 2738140.03978010 2.04036e+06
1590000000 2684236.70515495 2.07367e+06
1591000000 2630330.19884724 2.10698e+06
1592000000 2598847.13446020 2.12982e+06
1593000000 2619689.98246801 2.12824e+06
1594000000 2640531.23700670 2.12664e+06
1595000000 2661372.83407274 2.12505e+06
1596000000 2682213.16603654 2.12345e+06
1597000000 2703054.16889088 2.12182e+06
1598000000 2707496.25487550 2.0992e+06
1599000000 2687336.26738386 2.04509e+06
1600000000 2667173.21703902 1.99098e+06
1601000000 2647005.57093156 1.93688e+06
1602000000 2626832.98047642 1.88278e+06
1603000000 2605727.44298655 1.82897e+06
1604000000 2591436.38276427 1.80735e+06
1605000000 2587730.67474356 1.8339e+06
1606000000 2584022.37378655 1.86045e+06
1607000000 2580312.87834923 1.887e+06
1608000000 2576603.58688523 1.91355e+06
1609000000 2572895.89784578 1.9401e+06
1610000000 2568958.72182443 1.95985e+06
1611000000 2564672.31166701 1.9694e+06
1612000000 2560383.52179159 1.97894e+06
1613000000 2556092.40072275 1.98848e+06
1614000000 2551796.55530022 1.99803e+06
1615000000 2547494.15714754 2.00758e+06
1616000000 2542994.36055112 2.01421e+06
1617000000 2538202.55312798 2.01644e+06
1618000000 2533409.05582573 2.01867e+06
1619000000 2528614.70466402 2.0209e+06
1620000000 2523820.06373124 2.02312e+06
1621000000 2519025.74379830 2.02535e+06
1622000000 2511985.91183632 2.02824e+06
1623000000 2501577.96814676 2.03215e+06
1624000000 2491171.47248072 2.03606e+06
1625000000 2480764.22685051 2.03997e+06
1626000000 2470351.36558759 2.04387e+06
1627000000 2459931.57992410 2.04777e+06
1628000000 2507528.01394613 2.04062e+06
1629000000 2642151.53092310 2.0169e+06
1630000000 2776771.45243870 1.99319e+06
1631000000 2911389.84844197 1.96947e+06
1632000000 3046008.78887857 1.94575e+06
1633000000 3180629.45211890 1.92202e+06
1634000000 3191280.49688127 1.91719e+06
1635000000 3077961.79657002 1.93124e+06
1636000000 2964644.43668022 1.9453e+06
1637000000 2851327.96621605 1.95936e+06
1638000000 2738011.93417840 1.97343e+06
1639000000 2624694.82677444 1.9875e+06
1640000000 2570929.22481143 1.99523e+06
1641000000 2576710.76121830 1.99662e+06
1642000000 2582487.43630341 1.998e+06
1643000000 2588262.87318686 1.99938e+06
1644000000 2594039.50303876 2.00076e+06
1645000000 2599779.71313321 2.00207e+06
1646000000 2593845.51473998 2.00811e+06
1647000000 2576263.74180394 2.01891e+06
1648000000 2558685.06944472 2.02972e+06
1649000000 2541108.50611151 2.04052e+06
1650000000 2523533.06024968 2.05134e+06
1651000000 2505957.64692991 2.06215e+06
1652000000 2497221.13547955 2.07953e+06
1653000000 2497322.39522207 2.10345e+06
1654000000 2497420.68241739 2.12737e+06
1655000000 2497516.28218932 2.15129e+06
1656000000 2497607.19765332 2.1752e+06
1657000000 2497697.63029201 2.19911e+06
1658000000 2508322.94735584 2.18405e+06
1659000000 2529485.34897709 2.13003e+06
1660000000 2550651.33164324 2.07601e+06
1661000000 2571819.11035496 2.02199e+06
1662000000 2593170.43304924 1.96904e+06
1663000000 2614703.96050452 1.91715e+06
1664000000 2605544.99280833 1.90626e+06
1665000000 2565693.02524433 1.93636e+06
1666000000 2525838.39564392 1.96647e+06
1667000000 2485980.96160821 1.99657e+06
1668000000 2446120.58073408 2.02668e+06
1669000000 2406259.23619424 2.05678e+06
1670000000 2409123.83155463 2.05015e+06
1671000000 2440472.28657905 2.01901e+06
1672000000 2471824.78741503 1.98788e+06
1673000000 2503181.74342627 1.95675e+06
1674000000 2534542.16031720 1.92562e+06
1675000000 2565903.77394230 1.8945e+06
1676000000 2562430.42015166 1.90226e+06
1677000000 2535731.33043273 1.93593e+06
1678000000 2509029.67191252 1.96961e+06
1679000000 2482326.01171357 2.00329e+06
1680000000 2455620.91695385 2.03696e+06
1681000000 2428915.00143223 2.07064e+06
1682000000 2413688.10181271 2.09233e+06
1683000000 2406114.58068098 2.10603e+06
1684000000 2398542.48467398 2.11974e+06
1685000000 2390972.66042402 2.13344e+06
1686000000 2383402.62460785 2.14714e+06
1687000000 2375831.95084641 2.16084e+06
1688000000 2428817.35570893 2.16209e+06
1689000000 2522169.28909332 2.15504e+06
1690000000 2615513.23604646 2.14798e+06
1691000000 2708848.20568511 2.14093e+06
1692000000 2802175.12135388 2.13388e+06
1693000000 2895495.60616043 2.12683e+06
1694000000 2887116.08320773 2.08637e+06
1695000000 2810936.21152597 2.02366e+06
1696000000 2734753.32548867 1.96094e+06
1697000000 2658567.95946454 1.89823e+06
1698000000 2582380.64781743 1.83552e+06
1699000000 2506190.86211624 1.77283e+06
1700000000 2468692.76494904 1.77687e+06
1701000000 2456985.29058862 1.8254e+06
1702000000 2445273.03056212 1.87393e+06
1703000000 2433555.11084371 1.92248e+06
1704000000 2423049.80002905 1.97107e+06
1705000000 2412679.28629754 2.01967e+06
1706000000 2412231.35014888 2.03068e+06
1707000000 2418403.41827747 2.01662e+06
1708000000 2424585.23231908 2.00256e+06
1709000000 2430779.26836771 1.98852e+06
1710000000 2436985.77036870 1.97448e+06
1711000000 2443204.97689231 1.96046e+06
1712000000 2452063.17452634 1.97106e+06
1713000000 2462059.75110837 1.99223e+06
1714000000 2472069.07607674 2.01341e+06
1715000000 2482090.41768165 2.03458e+06
1716000000 2492122.32994907 2.05575e+06
1717000000 2502168.74782142 2.07691e+06
1718000000 2513275.55382348 2.09414e+06
1719000000 2524847.67875476 2.10969e+06
1720000000 2536439.22007630 2.12523e+06
1721000000 2548154.41207893 2.14082e+06
1722000000 2560767.26176658 2.15684e+06
1723000000 2573395.26373094 2.17285e+06
1724000000 2577908.95407829 2.1739e+06
1725000000 2578948.21761033 2.16853e+06
1726000000 2579992.46811621 2.16314e+06
1727000000 2581038.95362508 2.15774e+06
1728000000 2582085.85929343 2.15231e+06
1729000000 2583131.37027257 2.14686e+06
1730000000 2575529.05799938 2.14156e+06
1731000000 2564215.87362263 2.13632e+06
1732000000 2552896.87017883 2.13105e+06
1733000000 2541570.77982228 2.12576e+06
1734000000 2530235.22165116 2.12046e+06
1735000000 2518886.54491298 2.11514e+06
1736000000 2520790.92284602 2.13124e+06
1737000000 2528362.43581939 2.15651e+06
1738000000 2535910.83086356 2.18177e+06
1739000000 2543432.85500375 2.20702e+06
1740000000 2550929.71954726 2.23228e+06
1741000000 2558402.64653614 2.25752e+06
1742000000 2537290.88060604 2.25527e+06
1743000000 2503916.89965821 2.24124e+06
1744000000 2470522.98315854 2.22721e+06
1745000000 2437109.13682639 2.21319e+06
1746000000 2403674.76697480 2.19919e+06
1747000000 2370223.69772803 2.1852e+06
1748000000 2381800.83722805 2.16999e+06
1749000000 2404624.57558290 2.1545e+06
1750000000 2427435.23283875 2.13903e+06
1751000000 2450234.09400819 2.12357e+06
1752000000 2473024.35833099 2.10815e+06
1753000000 2495809.92480943 2.09274e+06
1754000000 2484663.19349503 2.10622e+06
1755000000 2465036.01098005 2.12695e+06
1756000000 2445414.62385142 2.1477e+06
1757000000 2425801.81020029 2.16847e+06
1758000000 2406198.47384731 2.18925e+06
1759000000 2386605.51860781 2.21006e+06
1760000000 2388347.67379507 2.22973e+06
1761000000 2395428.51937749 2.24912e+06
1762000000 2401829.35360355 2.26852e+06
1763000000 2405473.09958696 2.28791e+06
1764000000 2409130.85622710 2.30731e+06
1765000000 2412803.34728325 2.32671e+06
1766000000 2422545.38185046 2.30392e+06
1767000000 2433816.08807960 2.27059e+06
1768000000 2445101.79411619 2.23726e+06
1769000000 2456402.42810031 2.20392e+06
1770000000 2467715.68602299 2.17058e+06
1771000000 2479039.25849984 2.13723e+06
1772000000 2483523.26538444 2.12003e+06
1773000000 2486301.86077732 2.10687e+06
1774000000 2489085.19877364 2.09369e+06
1775000000 2491855.60114442 2.08051e+06
1776000000 2494612.06038572 2.06733e+06
1777000000 2497369.84415598 2.05414e+06
1778000000 2483292.78596062 2.08592e+06
1779000000 2465019.01992673 2.12896e+06
1780000000 2446748.26395288 2.17199e+06
1781000000 2429440.73429202 2.2164e+06
1782000000 2412356.61112620 2.26107e+06
1783000000 2395266.42447676 2.30574e+06
1784000000 2381097.50176256 2.29005e+06
1785000000 2367246.65216360 2.26764e+06
1786000000 2353388.08344197 2.24522e+06
1787000000 2339521.68025504 2.2228e+06
1788000000 2325648.26438726 2.20038e+06
1789000000 2311768.57002712 2.17796e+06
1790000000 2335944.24319623 2.18033e+06
1791000000 2364882.22073852 2.18533e+06
1792000000 2393815.01219952 2.19032e+06
1793000000 2422742.83333971 2.19532e+06
1794000000 2451665.86130353 2.20033e+06
1795000000 2480584.27323010 2.20533e+06
1796000000 2489669.45358257 2.23141e+06
1797000000 2496547.71062144 2.25983e+06
1798000000 2503422.99068230 2.28825e+06
1799000000 2510296.34629603 2.31668e+06
1800000000 2517168.82998818 2.34511e+06
1801000000 2524041.49427896 2.37354e+06
1802000000 2494145.03319645 2.36336e+06
1803000000 2460163.57225868 2.34891e+06
1804000000 2426182.73697843 2.33445e+06
1805000000 2390117.97707607 2.32045e+06
1806000000 2353160.11562638 2.30664e+06
1807000000 2316202.34564711 2.29283e+06
1808000000 2311220.19999058 2.29913e+06
1809000000 2309791.04483709 2.30768e+06
1810000000 2308362.10447324 2.31622e+06
1811000000 2306933.83313443 2.32477e+06
1812000000 2305506.68505074 2.33331e+06
1813000000 2304081.11444697 2.34186e+06
1814000000 2303515.65795308 2.35343e+06
1815000000 2303047.31173423 2.36533e+06
1816000000 2302580.30828563 2.37724e+06
1817000000 2302113.98148664 2.38915e+06
1818000000 2301647.66521136 2.40107e+06
1819000000 2301180.86850988 2.41299e+06
1820000000 2287385.64653346 2.40055e+06
1821000000 2274495.16283807 2.38836e+06
1822000000 2262552.12811174 2.37661e+06
1823000000 2250609.68361529 2.36486e+06
1824000000 2238668.17194213 2.35312e+06
1825000000 2226727.92549273 2.34138e+06
1826000000 2225013.10607302 2.34713e+06
1827000000 2223300.20881701 2.35288e+06
1828000000 2221589.25269270 2.35864e+06
1829000000 2219879.61092809 2.3644e+06
1830000000 2218170.65674600 2.37017e+06
1831000000 2216461.76336403 2.37594e+06
1832000000 2274130.89990466 2.38279e+06
1833000000 2331799.73640417 2.38964e+06
1834000000 2389468.70021982 2.3965e+06
1835000000 2447160.84335850 2.40334e+06
1836000000 2504856.67218429 2.41019e+06
1837000000 2562553.91356201 2.41703e+06
1838000000 2520124.60885511 2.43316e+06
1839000000 2477696.46608853 2.44928e+06
1840000000 2439785.66033894 2.47072e+06
1841000000 2408493.04936398 2.49973e+06
1842000000 2377200.79058524 2.52873e+06
1843000000 2345908.18380460 2.55774e+06
1844000000 2355512.85743041 2.57275e+06
1845000000 2365115.77319920 2.58777e+06
1846000000 2374717.01339210 2.60279e+06
1847000000 2384317.20891868 2.61781e+06
1848000000 2393916.99068343 2.63282e+06
1849000000 2403516.90199516 2.64784e+06
1850000000 2411441.35799303 2.67429e+06
1851000000 2419366.23054151 2.70074e+06
1852000000 2427291.19650183 2.72719e+06
1853000000 2435215.93273018 2.75364e+06
1854000000 2443140.11607773 2.78009e+06
1855000000 2450505.85224052 2.8052e+06
1856000000 2452852.11407692 2.8182e+06
1857000000 2455196.93037250 2.8312e+06
1858000000 2457540.16092612 2.8442e+06
1859000000 2459881.98839898 2.8572e+06
1860000000 2462222.76948192 2.87019e+06
1861000000 2466880.90940550 2.88354e+06
1862000000 2492397.54672865 2.90005e+06
1863000000 2517915.75333869 2.91656e+06
1864000000 2543435.42739174 2.93307e+06
1865000000 2568957.71920154 2.94957e+06
1866000000 2594480.24999858 2.96608e+06
1867000000 2617436.67515373 2.9836e+06
1868000000 2617298.94412328 3.0102e+06
1869000000 2617160.78740965 3.03681e+06
1870000000 2617022.18827125 3.06342e+06
1871000000 2616883.12996160 3.09002e+06
1872000000 2616743.59572931 3.11663e+06
1873000000 2618637.56382412 3.14446e+06
1874000000 2638831.88860121 3.18335e+06
1875000000 2659027.89107757 3.22223e+06
1876000000 2679225.89865718 3.26112e+06
1877000000 2699425.96442239 3.30001e+06
1878000000 2719627.76261497 3.3389e+06
1879000000 2736655.32442696 3.37171e+06
1880000000 2724442.50479695 3.35172e+06
1881000000 2711945.29618580 3.33253e+06
1882000000 2699448.21757953 3.31335e+06
1883000000 2686951.58318939 3.29416e+06
1884000000 2674455.70722186 3.27498e+06
1885000000 2665617.56035769 3.25932e+06
1886000000 2689690.77601685 3.27536e+06
1887000000 2713765.85125263 3.29141e+06
1888000000 2737843.38898873 3.30746e+06
1889000000 2761923.99214414 3.32351e+06
1890000000 2786007.91556391 3.33956e+06
1891000000 2806519.45033234 3.35695e+06
1892000000 2812733.02086235 3.37966e+06
1893000000 2818947.58489554 3.40238e+06
1894000000 2825163.03132056 3.4251e+06
1895000000 2831379.49716604 3.44782e+06
1896000000 2837597.02685011 3.47054e+06
1897000000 2843524.54424058 3.49453e+06
1898000000 2848287.90653403 3.52364e+06
1899000000 2844221.70364893 3.53851e+06
1900000000 2788602.44971320 3.47754e+06
1901000000 2732985.74822626 3.41658e+06
1902000000 2677371.72207583 3.35561e+06
1903000000 2629297.92997541 3.29317e+06
1904000000 2611377.52591217 3.22482e+06
1905000000 2593458.38329985 3.15647e+06
1906000000 2575539.51289409 3.08813e+06
1907000000 2557619.92544595 3.01978e+06
1908000000 2539699.38937353 2.95144e+06
1909000000 2509761.50797675 2.88084e+06
1910000000 2431756.14987538 2.80125e+06
1911000000 2353751.20559913 2.72164e+06
1912000000 2275746.65273631 2.64204e+06
1913000000 2197742.45758793 2.56244e+06
1914000000 2119738.36461827 2.48283e+06
1915000000 2048733.51828704 2.40545e+06
1916000000 2005725.86304963 2.33694e+06
1917000000 1962717.14941422 2.26844e+06
1918000000 1919706.51613434 2.19993e+06
1919000000 1876693.10195908 2.13143e+06
1920000000 1833676.21966783 2.06292e+06
1921000000 1787817.32210566 1.99508e+06
1922000000 1730601.27242632 1.92989e+06
1923000000 1673382.28644051 1.8647e+06
1924000000 1616161.30757745 1.7995e+06
1925000000 1558939.16516813 1.73431e+06
1926000000 1501715.38381813 1.66911e+06
1927000000 1447003.50815112 1.60447e+06
1928000000 1398155.05369039 1.54111e+06
1929000000 1349303.92039585 1.47776e+06
1930000000 1300449.90731162 1.41441e+06
1931000000 1251592.74802230 1.35107e+06
1932000000 1202732.03284120 1.28772e+06
1933000000 1154214.60207740 1.22506e+06
1934000000 1106503.04603574 1.16401e+06
1935000000 1058788.06615450 1.10296e+06
1936000000 1011070.73917497 1.0419e+06
1937000000 963352.141834325 980852
1938000000 915632.972029738 919801
1939000000 883847.474807727 828718
1940000000 848217.734266958 721724
1941000000 812587.382561227 614732
1942000000 776956.022198118 507743
1943000000 741323.278246657 400757
1944000000 705689.219436519 293774
1945000000 669987.014493268 192339
1946000000 634127.532138379 103849
1947000000 598267.138060648 15358.6
1948000000 562406.203819880 -73132.2
1949000000 526545.471221569 -161623
1950000000 490685.951391980 -250114
1951000000 456749.455453348 -338807
1952000000 427297.739999527 -427973
1953000000 397848.174941952 -517138
1954000000 368400.033096321 -606302
1955000000 338952.538952251 -695465
1956000000 309505.329087384 -784627
1957000000 277688.555451049 -874649
1958000000 240342.784446533 -966682
1959000000 262016.995870828 -956593
1960000000 292875.626410150 -931643
1961000000 323735.075182334 -906694
1962000000 354595.945198986 -881747
1963000000 391828.341162684 -857342
1964000000 438617.616924726 -833750
1965000000 485409.442373847 -810158
1966000000 532203.677283688 -786564
1967000000 578999.477980079 -762968
1968000000 625795.870962040 -739371
1969000000 662609.480711340 -713030
1970000000 684449.011985234 -682575
1971000000 706288.363014624 -652118
1972000000 728128.045449448 -621661
1973000000 749968.559653078 -591204
1974000000 771810.184152733 -560747
1975000000 804018.130805225 -536915
1976000000 851775.224603976 -523020
1977000000 899534.425759146 -509123
1978000000 947296.094477197 -495223
1979000000 995059.850461446 -481319
1980000000 1042824.77476189 -467412
1981000000 1083309.61509146 -443504
1982000000 1112873.44642166 -404597
1983000000 1142436.73705946 -365687
1984000000 1171999.10069582 -326776
1985000000 1201561.60081663 -287864
1986000000 1231125.08164332 -248951
1987000000 1262410.87776325 -217113
1988000000 1296279.44399676 -195889
1989000000 1330149.80019183 -174663
1990000000 1364021.86619284 -153435
1991000000 1397895.49638527 -132203
1992000000 1431770.40188409 -110968
1993000000 1468944.22846250 -86307.5
1994000000 1511065.17531249 -56510.3
1995000000 1553185.30828918 -26711.3
1996000000 1595314.92425605 3099.87
