0 	 0.00000000000000 	 6.04866e+08
1000000 	 6914964.28767702 	 1.38399e+07
2000000 	 4999135.55481172 	 1.15677e+07
3000000 	 4172812.71531370 	 1.04549e+07
4000000 	 3690064.30697738 	 9.70472e+06
5000000 	 3377754.65430878 	 9.13294e+06
6000000 	 3163084.63571013 	 8.66282e+06
7000000 	 3002589.78379728 	 8.24945e+06
8000000 	 2884283.76933826 	 7.8797e+06
9000000 	 2750629.43505313 	 7.56804e+06
10000000 	 2343434.78544693 	 7.45764e+06
11000000 	 1955292.66080774 	 7.36665e+06
12000000 	 1579779.64131656 	 7.28832e+06
13000000 	 1213511.59038004 	 7.21923e+06
14000000 	 855423.252794957 	 7.15795e+06
15000000 	 507451.782778034 	 7.10666e+06
16000000 	 162420.473614329 	 7.05799e+06
17000000 	 -174407.377285125 	 7.0174e+06
18000000 	 -359088.271075204 	 7.01457e+06
19000000 	 -120967.629512972 	 7.11892e+06
20000000 	 117367.097603751 	 7.22329e+06
21000000 	 361870.410538135 	 7.33388e+06
22000000 	 606123.723472518 	 7.44437e+06
23000000 	 853692.952504018 	 7.55844e+06
24000000 	 1103255.45782904 	 7.67458e+06
25000000 	 1352624.76259815 	 7.79083e+06
26000000 	 1606037.72613927 	 7.91134e+06
27000000 	 1797888.65494016 	 8.08042e+06
28000000 	 1895809.58374106 	 8.32221e+06
29000000 	 1996898.33943594 	 8.56745e+06
30000000 	 2098651.69139252 	 8.81355e+06
31000000 	 2200364.91165626 	 9.05976e+06
32000000 	 2303358.39529120 	 9.30726e+06
33000000 	 2408384.06481540 	 9.55699e+06
34000000 	 2513509.73433960 	 9.80682e+06
35000000 	 2618535.40386380 	 1.00566e+07
36000000 	 2870438.62885763 	 1.00665e+07
37000000 	 3252311.10406733 	 9.86405e+06
38000000 	 3634183.57927703 	 9.66161e+06
39000000 	 4016156.05448674 	 9.45917e+06
40000000 	 4398484.61325670 	 9.25729e+06
41000000 	 4782870.22899689 	 9.05738e+06
42000000 	 5167255.88036208 	 8.85757e+06
43000000 	 5551641.80860228 	 8.65766e+06
44000000 	 5936027.73684247 	 8.45786e+06
45000000 	 6057382.22804842 	 8.07474e+06
46000000 	 6046281.90016139 	 7.59949e+06
47000000 	 6035181.57227436 	 7.12425e+06
48000000 	 6024081.21893186 	 6.6491e+06
49000000 	 6012980.69523352 	 6.17396e+06
50000000 	 6001980.17153517 	 5.69872e+06
51000000 	 5992386.09733374 	 5.22511e+06
52000000 	 5982995.50495993 	 4.75172e+06
53000000 	 5973704.91258612 	 4.27832e+06
54000000 	 5688514.38289698 	 4.04192e+06
55000000 	 5332524.21694945 	 3.86643e+06
56000000 	 4976634.05100193 	 3.69104e+06
57000000 	 4621745.07313681 	 3.51666e+06
58000000 	 4267292.48954229 	 3.34262e+06
59000000 	 3912739.89134197 	 3.16858e+06
60000000 	 3558266.02976609 	 2.99454e+06
61000000 	 3203781.59458137 	 2.82051e+06
62000000 	 2849197.15939665 	 2.64658e+06
63000000 	 2645312.72421192 	 2.79574e+06
64000000 	 2454022.49023030 	 2.97101e+06
65000000 	 2262848.45460653 	 3.14639e+06
66000000 	 2071774.46442933 	 3.32177e+06
6.7e+07 	 1880600.68269699 	 3.49717e+06
68000000 	 1689476.90096465 	 3.67256e+06
69000000 	 1498353.11923231 	 3.84796e+06
70000000 	 1307229.33749997 	 4.02335e+06
71000000 	 1133213.97538930 	 4.19516e+06
72000000 	 1219607.07619885 	 4.30999e+06
73000000 	 1306011.00340776 	 4.42483e+06
74000000 	 1392414.93061668 	 4.53957e+06
75000000 	 1478818.85782559 	 4.65441e+06
76000000 	 1565222.78503450 	 4.76925e+06
77000000 	 1651636.71224342 	 4.88409e+06
78000000 	 1738040.69755393 	 4.99883e+06
79000000 	 1824464.89882702 	 5.11369e+06
80000000 	 1905795.27911389 	 5.19484e+06
81000000 	 1964496.93896508 	 5.13387e+06
82000000 	 2023198.59881627 	 5.0729e+06
83000000 	 2081900.25866747 	 5.01193e+06
84000000 	 2140502.10565122 	 4.95106e+06
85000000 	 2199204.58625926 	 4.89011e+06
86000000 	 2257907.06686730 	 4.82916e+06
87000000 	 2316609.54747535 	 4.76821e+06
88000000 	 2375312.02808339 	 4.70736e+06
89000000 	 2401814.50869143 	 4.65981e+06
90000000 	 2362449.27024908 	 4.6406e+06
91000000 	 2323075.14318234 	 4.62151e+06
92000000 	 2283801.01611559 	 4.60241e+06
93000000 	 2244526.88904884 	 4.58331e+06
94000000 	 2205252.76198210 	 4.56421e+06
95000000 	 2165978.63491535 	 4.54511e+06
96000000 	 2126704.78789668 	 4.52602e+06
97000000 	 2087431.73381104 	 4.50694e+06
98000000 	 2078058.67972540 	 4.50947e+06
99000000 	 2103785.62563976 	 4.5377e+06
100000000 	 2129512.57155412 	 4.56583e+06
101000000 	 2155846.53084704 	 4.59456e+06
102000000 	 2182181.03835299 	 4.62331e+06
103000000 	 2208516.95554961 	 4.65207e+06
104000000 	 2234852.87274623 	 4.68084e+06
105000000 	 2261188.78994284 	 4.70961e+06
106000000 	 2287624.70713946 	 4.73847e+06
107000000 	 2323760.62433608 	 4.71354e+06
108000000 	 2366697.04419818 	 4.65171e+06
109000000 	 2409634.69472404 	 4.58982e+06
110000000 	 2452572.34524989 	 4.52792e+06
111000000 	 2495509.99577575 	 4.46613e+06
112000000 	 2538447.64630161 	 4.40423e+06
113000000 	 2581794.61223060 	 4.34274e+06
114000000 	 2625344.65142508 	 4.28148e+06
115000000 	 2668796.34754264 	 4.22014e+06
116000000 	 2635748.04366021 	 4.154e+06
117000000 	 2573699.73977777 	 4.08587e+06
118000000 	 2511551.37476549 	 4.01773e+06
119000000 	 2449397.55120415 	 3.9497e+06
120000000 	 2387333.39599482 	 3.88161e+06
121000000 	 2325171.59007443 	 3.81356e+06
122000000 	 2263009.78415405 	 3.7456e+06
123000000 	 2200947.97823366 	 3.67754e+06
124000000 	 2138886.17231328 	 3.60959e+06
125000000 	 2073824.36639289 	 3.62813e+06
126000000 	 2008411.49136454 	 3.66125e+06
127000000 	 1943484.78036493 	 3.69481e+06
128000000 	 1878458.06936532 	 3.72826e+06
129000000 	 1813431.35836570 	 3.76182e+06
130000000 	 1748404.64736609 	 3.79538e+06
131000000 	 1683477.93636648 	 3.82893e+06
132000000 	 1618453.50095215 	 3.86252e+06
133000000 	 1553483.11102277 	 3.89607e+06
1.34e+08 	 1572422.72109339 	 3.92611e+06
135000000 	 1592242.33116401 	 3.95606e+06
136000000 	 1612071.94123464 	 3.98601e+06
137000000 	 1631951.55130526 	 4.01595e+06
138000000 	 1651734.67326917 	 4.04594e+06
139000000 	 1671623.52516423 	 4.07601e+06
140000000 	 1691512.37705930 	 4.10607e+06
141000000 	 1711401.22895437 	 4.13613e+06
142000000 	 1729562.12714439 	 4.15886e+06
143000000 	 1734113.70743273 	 4.12659e+06
144000000 	 1738670.27253997 	 4.09437e+06
145000000 	 1743334.63441523 	 4.06216e+06
146000000 	 1747898.99629049 	 4.03004e+06
147000000 	 1752463.35816576 	 3.99793e+06
148000000 	 1757027.72004102 	 3.96581e+06
149000000 	 1761692.08191629 	 3.9337e+06
150000000 	 1766265.30350786 	 3.90167e+06
151000000 	 1759751.27444728 	 3.87828e+06
152000000 	 1720637.24538670 	 3.87969e+06
153000000 	 1681423.21632613 	 3.88109e+06
154000000 	 1642309.18726555 	 3.8825e+06
155000000 	 1603195.15820497 	 3.88391e+06
156000000 	 1564095.90484247 	 3.88546e+06
157000000 	 1524977.05601539 	 3.88719e+06
158000000 	 1485898.20718831 	 3.88893e+06
159000000 	 1446984.81874532 	 3.89083e+06
160000000 	 1425780.79420078 	 3.90578e+06
161000000 	 1432316.76965623 	 3.94102e+06
162000000 	 1438900.69762004 	 3.9766e+06
163000000 	 1445520.20150359 	 4.01236e+06
164000000 	 1452149.70538714 	 4.04812e+06
165000000 	 1458779.20927068 	 4.08398e+06
166000000 	 1465428.71315423 	 4.11974e+06
167000000 	 1472078.21703778 	 4.1556e+06
168000000 	 1478796.28722414 	 4.19176e+06
169000000 	 1496663.10915727 	 4.20389e+06
170000000 	 1524769.93109041 	 4.19342e+06
171000000 	 1552866.75302355 	 4.18295e+06
172000000 	 1580983.57495669 	 4.17258e+06
173000000 	 1609100.39688983 	 4.16211e+06
174000000 	 1637360.46964066 	 4.15243e+06
175000000 	 1665882.08054762 	 4.14365e+06
176000000 	 1694303.69145458 	 4.13486e+06
177000000 	 1722725.15145415 	 4.12607e+06
178000000 	 1720790.26725589 	 4.11293e+06
179000000 	 1702765.23625057 	 4.09782e+06
180000000 	 1685201.18206295 	 4.08459e+06
181000000 	 1668116.95429674 	 4.07351e+06
182000000 	 1651132.72653053 	 4.06233e+06
183000000 	 1634048.49876433 	 4.05116e+06
184000000 	 1617064.27099812 	 4.04008e+06
185000000 	 1599980.04323191 	 4.0289e+06
186000000 	 1591421.10960588 	 4.02688e+06
187000000 	 1595557.06642825 	 4.06815e+06
188000000 	 1600993.02325063 	 4.11892e+06
189000000 	 1606428.98007300 	 4.16959e+06
190000000 	 1611864.93689538 	 4.22027e+06
191000000 	 1617310.89371775 	 4.27094e+06
192000000 	 1692556.73716276 	 4.35033e+06
193000000 	 1832244.01441327 	 4.45605e+06
194000000 	 1971931.29166378 	 4.56176e+06
195000000 	 2111618.56891430 	 4.66748e+06
196000000 	 2286805.84616481 	 4.7572e+06
197000000 	 2465163.12341533 	 4.84551e+06
198000000 	 2511135.32269307 	 4.72996e+06
199000000 	 2444443.56666069 	 4.44074e+06
200000000 	 2377753.23181207 	 4.15163e+06
201000000 	 2311177.26553239 	 3.86253e+06
202000000 	 2244701.29925270 	 3.57353e+06
203000000 	 2178225.33297301 	 3.28453e+06
204000000 	 2125417.59085176 	 3.22244e+06
205000000 	 2061156.57758742 	 3.31669e+06
206000000 	 1996995.56432307 	 3.41104e+06
207000000 	 1932834.55105872 	 3.50529e+06
208000000 	 1868673.53779437 	 3.59964e+06
209000000 	 1804512.52453002 	 3.69389e+06
210000000 	 1769776.54119879 	 3.72767e+06
211000000 	 1757238.38746621 	 3.71581e+06
212000000 	 1744700.23373363 	 3.70396e+06
213000000 	 1728262.08000106 	 3.69751e+06
214000000 	 1693923.92626848 	 3.71515e+06
215000000 	 1659685.77253591 	 3.7328e+06
216000000 	 1634118.30973443 	 3.74703e+06
217000000 	 1614406.75080032 	 3.75879e+06
218000000 	 1594695.19186621 	 3.77065e+06
219000000 	 1574983.63293210 	 3.78241e+06
220000000 	 1555372.07399799 	 3.79417e+06
221000000 	 1535660.51506388 	 3.80604e+06
222000000 	 1526158.01931758 	 3.81969e+06
223000000 	 1539694.89902982 	 3.83986e+06
224000000 	 1553255.49091622 	 3.86006e+06
225000000 	 1566974.77196819 	 3.88042e+06
226000000 	 1580694.05302017 	 3.90078e+06
227000000 	 1594413.33407214 	 3.92114e+06
228000000 	 1608412.73485655 	 3.94015e+06
229000000 	 1622683.82192859 	 3.95834e+06
230000000 	 1636854.90900063 	 3.97643e+06
231000000 	 1652325.99607267 	 3.97892e+06
232000000 	 1669297.08314471 	 3.96201e+06
233000000 	 1686368.17021675 	 3.9452e+06
234000000 	 1703416.69135337 	 3.92773e+06
235000000 	 1720608.74495414 	 3.90993e+06
236000000 	 1737700.55389460 	 3.89224e+06
237000000 	 1754892.36283505 	 3.87445e+06
238000000 	 1772082.12344724 	 3.85667e+06
239000000 	 1789170.78746016 	 3.83889e+06
240000000 	 1787695.66619690 	 3.82448e+06
241000000 	 1772686.19901569 	 3.81269e+06
242000000 	 1757776.73183448 	 3.8009e+06
243000000 	 1742867.26465327 	 3.78912e+06
244000000 	 1727857.79747206 	 3.77733e+06
245000000 	 1712948.33029086 	 3.76554e+06
246000000 	 1698167.02581868 	 3.7534e+06
247000000 	 1683448.84626289 	 3.74124e+06
248000000 	 1668730.66670710 	 3.72898e+06
249000000 	 1664412.48715131 	 3.73662e+06
250000000 	 1664194.30759552 	 3.75225e+06
251000000 	 1663976.12803973 	 3.76789e+06
252000000 	 1663924.83939052 	 3.78339e+06
253000000 	 1663777.06023202 	 3.79895e+06
254000000 	 1663729.28107353 	 3.8144e+06
255000000 	 1663681.50191503 	 3.82986e+06
256000000 	 1663533.72275653 	 3.84541e+06
257000000 	 1663485.94359803 	 3.86087e+06
258000000 	 1681361.94861438 	 3.85827e+06
259000000 	 1702548.14684853 	 3.85254e+06
260000000 	 1723734.34508267 	 3.84672e+06
261000000 	 1744820.54331682 	 3.84089e+06
262000000 	 1766006.74155096 	 3.83507e+06
263000000 	 1787192.93978511 	 3.82924e+06
264000000 	 1808295.49847017 	 3.82333e+06
265000000 	 1829365.53066393 	 3.81728e+06
266000000 	 1850435.56285768 	 3.81133e+06
2.67e+08 	 1845605.59505144 	 3.79048e+06
2.68e+08 	 1840175.62724519 	 3.76933e+06
269000000 	 1834745.65943895 	 3.74828e+06
270000000 	 1829586.26563483 	 3.72721e+06
271000000 	 1824526.94714657 	 3.70617e+06
272000000 	 1819467.62865831 	 3.68503e+06
273000000 	 1814408.31017004 	 3.664e+06
274000000 	 1809448.99168178 	 3.64296e+06
275000000 	 1803389.67319352 	 3.62482e+06
276000000 	 1789490.09007315 	 3.63075e+06
277000000 	 1775510.41874208 	 3.63674e+06
278000000 	 1761530.74741101 	 3.64263e+06
279000000 	 1747551.07607994 	 3.64862e+06
280000000 	 1733571.40474886 	 3.65451e+06
281000000 	 1719591.73341779 	 3.66039e+06
282000000 	 1707307.48233113 	 3.66222e+06
283000000 	 1695632.01013892 	 3.66294e+06
284000000 	 1690156.53794670 	 3.66335e+06
285000000 	 1703881.06575449 	 3.66296e+06
286000000 	 1717605.59356227 	 3.66258e+06
287000000 	 1731330.12137006 	 3.66219e+06
288000000 	 1742317.43820303 	 3.668e+06
289000000 	 1752532.72117131 	 3.67555e+06
290000000 	 1762748.00413959 	 3.68301e+06
291000000 	 1772963.28710787 	 3.69046e+06
292000000 	 1783178.57007615 	 3.69791e+06
293000000 	 1789793.85304443 	 3.69606e+06
294000000 	 1791110.70997762 	 3.67607e+06
295000000 	 1792627.74894282 	 3.65535e+06
296000000 	 1794144.78790801 	 3.63472e+06
297000000 	 1795660.14814049 	 3.6141e+06
298000000 	 1797171.79411613 	 3.59339e+06
299000000 	 1798683.44009178 	 3.57268e+06
300000000 	 1800485.28327124 	 3.55225e+06
301000000 	 1802350.82827592 	 3.53189e+06
302000000 	 1792416.37328061 	 3.51922e+06
303000000 	 1771081.91828530 	 3.51406e+06
304000000 	 1749647.46328998 	 3.50889e+06
305000000 	 1728313.00829467 	 3.50363e+06
306000000 	 1706652.30692130 	 3.49596e+06
307000000 	 1684824.78400063 	 3.48781e+06
308000000 	 1663097.26107996 	 3.47966e+06
309000000 	 1641369.73815928 	 3.4714e+06
310000000 	 1619542.21523861 	 3.46325e+06
311000000 	 1608214.69231793 	 3.46829e+06
312000000 	 1603995.66035585 	 3.48395e+06
313000000 	 1599889.89150411 	 3.50006e+06
314000000 	 1595784.12265237 	 3.51617e+06
315000000 	 1591578.35380063 	 3.53238e+06
316000000 	 1587472.58494888 	 3.54839e+06
317000000 	 1583450.00444789 	 3.56459e+06
318000000 	 1578359.96321367 	 3.58035e+06
319000000 	 1573092.10420244 	 3.59594e+06
320000000 	 1579624.24519122 	 3.59953e+06
321000000 	 1589556.38617999 	 3.59973e+06
322000000 	 1599488.52716876 	 3.59982e+06
323000000 	 1609320.66815754 	 3.59991e+06
324000000 	 1620766.20312624 	 3.59581e+06
325000000 	 1632418.11000130 	 3.59114e+06
326000000 	 1644070.01687637 	 3.58637e+06
327000000 	 1655621.92375143 	 3.5817e+06
328000000 	 1667273.83062649 	 3.57693e+06
329000000 	 1662325.73750155 	 3.56876e+06
330000000 	 1653455.97820780 	 3.56643e+06
331000000 	 1644450.47822863 	 3.56456e+06
332000000 	 1635444.97824946 	 3.56279e+06
333000000 	 1626339.47827029 	 3.56103e+06
334000000 	 1617333.97829111 	 3.55916e+06
335000000 	 1608228.47831194 	 3.5573e+06
336000000 	 1600290.49248317 	 3.55281e+06
337000000 	 1592558.08497696 	 3.54897e+06
338000000 	 1590025.67747075 	 3.56553e+06
339000000 	 1587593.26996454 	 3.58198e+06
340000000 	 1585060.86245833 	 3.59844e+06
341000000 	 1582528.45495212 	 3.615e+06
342000000 	 1581338.77604123 	 3.63156e+06
343000000 	 1580357.68960525 	 3.64803e+06
344000000 	 1579376.60316927 	 3.6646e+06
345000000 	 1578395.51673330 	 3.68117e+06
346000000 	 1580914.43029732 	 3.69584e+06
347000000 	 1600833.34386135 	 3.70191e+06
348000000 	 1616924.29076969 	 3.70799e+06
349000000 	 1632713.76574878 	 3.71406e+06
350000000 	 1648503.24072787 	 3.72014e+06
351000000 	 1664392.71570696 	 3.72621e+06
352000000 	 1680182.19068605 	 3.73219e+06
353000000 	 1695971.31638538 	 3.73816e+06
354000000 	 1714145.23377963 	 3.74414e+06
355000000 	 1728235.95036857 	 3.74462e+06
356000000 	 1732900.94961423 	 3.73318e+06
357000000 	 1737558.32537690 	 3.72165e+06
358000000 	 1742115.47704176 	 3.71023e+06
359000000 	 1746772.62870663 	 3.6987e+06
360000000 	 1751220.25963572 	 3.68719e+06
361000000 	 1755765.65544774 	 3.67557e+06
362000000 	 1760211.05125977 	 3.66405e+06
363000000 	 1764656.44707180 	 3.65243e+06
364000000 	 1764201.84288382 	 3.64802e+06
365000000 	 1757547.23869585 	 3.6528e+06
366000000 	 1751104.87676224 	 3.65736e+06
367000000 	 1744562.51482864 	 3.66193e+06
368000000 	 1738120.15289504 	 3.66639e+06
369000000 	 1731577.79096143 	 3.67095e+06
370000000 	 1725135.42902783 	 3.67541e+06
371000000 	 1718590.08898606 	 3.67988e+06
372000000 	 1711749.91623622 	 3.68454e+06
373000000 	 1716209.74348637 	 3.69181e+06
374000000 	 1729269.57073652 	 3.70118e+06
375000000 	 1742329.39798668 	 3.71054e+06
376000000 	 1755389.22523683 	 3.71981e+06
377000000 	 1768453.08263785 	 3.72907e+06
378000000 	 1781547.24825015 	 3.73809e+06
379000000 	 1794741.41386246 	 3.74711e+06
380000000 	 1807835.57947477 	 3.75613e+06
381000000 	 1820929.74508707 	 3.76515e+06
382000000 	 1834423.91069938 	 3.75937e+06
383000000 	 1848124.59642268 	 3.74749e+06
384000000 	 1861981.76480996 	 3.7357e+06
385000000 	 1875738.93319724 	 3.72391e+06
386000000 	 1889596.10158452 	 3.71202e+06
387000000 	 1903353.26997179 	 3.70023e+06
388000000 	 1917110.43835907 	 3.68844e+06
389000000 	 1930880.94721457 	 3.67647e+06
390000000 	 1944760.45673897 	 3.66328e+06
391000000 	 1943439.96626338 	 3.65379e+06
392000000 	 1939019.47578778 	 3.6451e+06
393000000 	 1934598.98531218 	 3.63641e+06
394000000 	 1930178.49483658 	 3.62762e+06
395000000 	 1925773.82392647 	 3.61902e+06
396000000 	 1921551.07801958 	 3.61135e+06
397000000 	 1917228.33211269 	 3.60369e+06
398000000 	 1912905.58620580 	 3.59602e+06
399000000 	 1908651.09144425 	 3.58852e+06
400000000 	 1914505.03221752 	 3.59613e+06
401000000 	 1920618.56393947 	 3.60395e+06
402000000 	 1927334.62636477 	 3.6099e+06
403000000 	 1934050.68879006 	 3.61585e+06
404000000 	 1940766.75121536 	 3.6218e+06
405000000 	 1947482.81364066 	 3.62765e+06
406000000 	 1954098.87606596 	 3.63359e+06
407000000 	 1961714.50370865 	 3.638e+06
408000000 	 1978717.52265568 	 3.62929e+06
409000000 	 2006920.54160272 	 3.60788e+06
410000000 	 2035023.56054976 	 3.58637e+06
411000000 	 2063126.57949679 	 3.56497e+06
412000000 	 2091228.84493402 	 3.54346e+06
413000000 	 2115846.30059389 	 3.53117e+06
414000000 	 2117042.83570502 	 3.57977e+06
415000000 	 2118339.37081616 	 3.62836e+06
416000000 	 2119529.30924856 	 3.67707e+06
417000000 	 2116815.60144503 	 3.72379e+06
418000000 	 2101401.89364150 	 3.76421e+06
419000000 	 2088207.94721563 	 3.79326e+06
420000000 	 2088549.67782395 	 3.7525e+06
421000000 	 2088891.40843226 	 3.71173e+06
422000000 	 2089233.13904058 	 3.67107e+06
423000000 	 2089574.86964890 	 3.6303e+06
424000000 	 2089916.60025722 	 3.58954e+06
425000000 	 2090511.23701346 	 3.55281e+06
426000000 	 2091758.63104633 	 3.54347e+06
427000000 	 2090906.02507919 	 3.54503e+06
428000000 	 2090053.41911206 	 3.54659e+06
429000000 	 2089200.81314492 	 3.54815e+06
430000000 	 2088248.20717779 	 3.54971e+06
431000000 	 2087299.05615423 	 3.55155e+06
432000000 	 2086366.77338462 	 3.55538e+06
433000000 	 2085434.49061501 	 3.55921e+06
434000000 	 2084502.20784540 	 3.56294e+06
435000000 	 2091869.92507580 	 3.56547e+06
436000000 	 2107637.64230619 	 3.5665e+06
437000000 	 2124697.48344962 	 3.57005e+06
438000000 	 2147265.85285392 	 3.58381e+06
439000000 	 2169734.22225823 	 3.59757e+06
440000000 	 2192202.59166253 	 3.61143e+06
441000000 	 2214670.96106684 	 3.62518e+06
442000000 	 2237139.33047114 	 3.63904e+06
443000000 	 2254644.10122440 	 3.64398e+06
444000000 	 2248876.28657613 	 3.60543e+06
445000000 	 2240508.47192786 	 3.56088e+06
446000000 	 2232140.65727959 	 3.51633e+06
447000000 	 2223793.52986349 	 3.47169e+06
448000000 	 2215390.36281574 	 3.42721e+06
449000000 	 2211061.95191172 	 3.38983e+06
450000000 	 2221180.40369915 	 3.37754e+06
451000000 	 2231298.85548658 	 3.36535e+06
452000000 	 2241317.30727401 	 3.35316e+06
453000000 	 2241335.75906144 	 3.34857e+06
454000000 	 2238254.21084887 	 3.34629e+06
455000000 	 2234670.52618144 	 3.34275e+06
456000000 	 2229813.40940700 	 3.33529e+06
457000000 	 2224956.29263256 	 3.32782e+06
458000000 	 2220099.17585811 	 3.32036e+06
459000000 	 2215242.05908367 	 3.3129e+06
460000000 	 2210284.94230922 	 3.30543e+06
461000000 	 2206096.93526839 	 3.29564e+06
462000000 	 2215713.31746939 	 3.28704e+06
463000000 	 2226629.69967038 	 3.27934e+06
464000000 	 2237646.08187138 	 3.27154e+06
465000000 	 2248562.46407237 	 3.26384e+06
466000000 	 2259478.84627337 	 3.25614e+06
467000000 	 2264734.68642658 	 3.26356e+06
468000000 	 2254686.09808023 	 3.31224e+06
469000000 	 2244537.50973388 	 3.36092e+06
470000000 	 2234588.68332044 	 3.40911e+06
471000000 	 2229238.77237916 	 3.44219e+06
472000000 	 2223788.86143789 	 3.47537e+06
473000000 	 2225491.37642946 	 3.48908e+06
474000000 	 2244360.17560148 	 3.45533e+06
475000000 	 2263223.09947858 	 3.42159e+06
476000000 	 2282072.13120873 	 3.38797e+06
477000000 	 2300921.16293888 	 3.35425e+06
478000000 	 2319670.19466903 	 3.32063e+06
479000000 	 2333998.47958593 	 3.29164e+06
480000000 	 2330345.02193858 	 3.27316e+06
481000000 	 2326691.56429123 	 3.25488e+06
482000000 	 2323038.10664388 	 3.2365e+06
483000000 	 2319284.64899653 	 3.21812e+06
484000000 	 2315631.19134917 	 3.19974e+06
485000000 	 2311569.61330049 	 3.18378e+06
486000000 	 2306853.27939895 	 3.17263e+06
487000000 	 2302136.94549742 	 3.16159e+06
488000000 	 2298520.61159589 	 3.15495e+06
489000000 	 2297304.27769436 	 3.15891e+06
490000000 	 2295987.94379283 	 3.16297e+06
491000000 	 2294670.49196901 	 3.16541e+06
492000000 	 2293056.75241368 	 3.16499e+06
493000000 	 2291543.01285836 	 3.16458e+06
494000000 	 2289929.27330303 	 3.16416e+06
495000000 	 2288315.53374771 	 3.16374e+06
496000000 	 2286701.79419238 	 3.16333e+06
497000000 	 2289827.55631488 	 3.15911e+06
498000000 	 2298912.39298191 	 3.14957e+06
499000000 	 2308097.22964894 	 3.14012e+06
500000000 	 2317182.06631597 	 3.13068e+06
501000000 	 2326266.90298300 	 3.12113e+06
502000000 	 2335395.85359074 	 3.11173e+06
503000000 	 2345747.30408687 	 3.10502e+06
504000000 	 2358162.68936560 	 3.10286e+06
505000000 	 2370478.07464434 	 3.1007e+06
506000000 	 2376293.45992308 	 3.09303e+06
507000000 	 2377008.84520182 	 3.08097e+06
508000000 	 2377624.23048056 	 3.06891e+06
509000000 	 2374203.19828815 	 3.05069e+06
510000000 	 2364468.79517933 	 3.02284e+06
511000000 	 2354734.39207051 	 2.99499e+06
512000000 	 2344999.98896169 	 2.96713e+06
513000000 	 2335265.58585287 	 2.93938e+06
514000000 	 2325431.18274405 	 2.91153e+06
515000000 	 2318170.65485648 	 2.90496e+06
516000000 	 2319670.93980077 	 2.92026e+06
517000000 	 2321171.22474505 	 2.93566e+06
518000000 	 2322671.50968935 	 2.95106e+06
519000000 	 2324171.79463364 	 2.96646e+06
520000000 	 2325672.07957793 	 2.98186e+06
521000000 	 2321697.86820115 	 2.98751e+06
522000000 	 2310063.63809527 	 2.97946e+06
523000000 	 2298529.40798939 	 2.97141e+06
524000000 	 2298295.17788351 	 2.96546e+06
525000000 	 2300360.94777764 	 2.95991e+06
526000000 	 2302526.71767176 	 2.95446e+06
527000000 	 2299545.33965828 	 2.94608e+06
528000000 	 2290240.31885330 	 2.93419e+06
529000000 	 2280834.24455181 	 2.9222e+06
530000000 	 2271426.88264347 	 2.91031e+06
531000000 	 2262019.52073514 	 2.89843e+06
532000000 	 2252612.15882681 	 2.88654e+06
533000000 	 2260000.17530832 	 2.8721e+06
5.34e+08 	 2289793.65426631 	 2.87052e+06
5.35e+08 	 2319678.83164021 	 2.86886e+06
5.36e+08 	 2349463.97895008 	 2.86731e+06
537000000 	 2379349.12625994 	 2.86576e+06
538000000 	 2409134.27356980 	 2.86421e+06
539000000 	 2417422.84203309 	 2.85983e+06
540000000 	 2401470.58754174 	 2.85228e+06
541000000 	 2384418.33305038 	 2.84523e+06
542000000 	 2355566.07855903 	 2.84327e+06
543000000 	 2326813.82406767 	 2.84132e+06
544000000 	 2297961.56957632 	 2.83937e+06
545000000 	 2284467.67463851 	 2.81471e+06
546000000 	 2287612.00255038 	 2.76545e+06
547000000 	 2290856.33046225 	 2.7162e+06
548000000 	 2294000.65837412 	 2.66704e+06
549000000 	 2297144.98628599 	 2.61779e+06
550000000 	 2302289.31419786 	 2.57103e+06
551000000 	 2305845.61535388 	 2.60102e+06
552000000 	 2301213.88975404 	 2.69927e+06
553000000 	 2296582.16415421 	 2.79752e+06
554000000 	 2291950.43855437 	 2.89587e+06
555000000 	 2287218.71295453 	 2.99411e+06
556000000 	 2282586.98735470 	 3.09246e+06
557000000 	 2274036.60008687 	 3.13056e+06
558000000 	 2261768.98666396 	 3.11324e+06
559000000 	 2252301.37324105 	 3.09212e+06
560000000 	 2247933.75981814 	 3.06399e+06
561000000 	 2243466.14639524 	 3.03597e+06
562000000 	 2238998.53297233 	 3.00795e+06
563000000 	 2248031.74006505 	 2.98438e+06
564000000 	 2268837.47489317 	 2.96473e+06
565000000 	 2289643.20972129 	 2.94519e+06
566000000 	 2310448.94454940 	 2.92554e+06
567000000 	 2331354.67937752 	 2.9059e+06
568000000 	 2345960.41420563 	 2.88455e+06
569000000 	 2347277.15739495 	 2.86749e+06
570000000 	 2342875.63469798 	 2.85568e+06
571000000 	 2338374.11200101 	 2.84387e+06
572000000 	 2333972.58930405 	 2.83206e+06
573000000 	 2329471.06660708 	 2.82015e+06
574000000 	 2325069.54391011 	 2.80834e+06
575000000 	 2320300.97643115 	 2.798e+06
576000000 	 2315430.95411665 	 2.78862e+06
577000000 	 2310260.93180214 	 2.78753e+06
578000000 	 2304890.90948764 	 2.79154e+06
579000000 	 2299520.88717314 	 2.79565e+06
580000000 	 2294150.86485864 	 2.79966e+06
581000000 	 2288357.93018184 	 2.80518e+06
582000000 	 2282258.74862199 	 2.81163e+06
583000000 	 2276159.56706215 	 2.81817e+06
584000000 	 2270060.38550230 	 2.82472e+06
585000000 	 2263961.20394246 	 2.83126e+06
586000000 	 2267262.02238262 	 2.83541e+06
587000000 	 2274513.43820637 	 2.84055e+06
588000000 	 2282561.71983566 	 2.84674e+06
589000000 	 2290608.62773432 	 2.85303e+06
590000000 	 2298655.53563298 	 2.85932e+06
591000000 	 2306702.44353164 	 2.86561e+06
592000000 	 2314649.35143030 	 2.8719e+06
593000000 	 2319507.77974817 	 2.87851e+06
594000000 	 2322312.84865615 	 2.8852e+06
595000000 	 2319209.13680357 	 2.88211e+06
596000000 	 2315405.42495098 	 2.87792e+06
597000000 	 2311601.71309840 	 2.87363e+06
598000000 	 2307798.00124581 	 2.86934e+06
599000000 	 2308511.19976112 	 2.87033e+06
600000000 	 2311877.18690519 	 2.87452e+06
601000000 	 2315243.17404926 	 2.87861e+06
602000000 	 2318509.16119333 	 2.88281e+06
603000000 	 2321775.14833740 	 2.8871e+06
604000000 	 2316541.13548147 	 2.90009e+06
605000000 	 2309639.74409611 	 2.9236e+06
606000000 	 2301786.68734875 	 2.95277e+06
607000000 	 2293833.63060138 	 2.98193e+06
608000000 	 2285980.57385402 	 3.0111e+06
609000000 	 2278027.51710665 	 3.04037e+06
610000000 	 2270174.46035929 	 3.06954e+06
611000000 	 2264837.95518897 	 3.14049e+06
612000000 	 2262397.85537652 	 3.23386e+06
613000000 	 2269357.75556406 	 3.33144e+06
614000000 	 2276317.65575161 	 3.42911e+06
615000000 	 2283177.55593916 	 3.52669e+06
616000000 	 2290137.45612671 	 3.62436e+06
617000000 	 2689377.18909019 	 3.82041e+06
618000000 	 3273219.19630115 	 4.06274e+06
619000000 	 3856961.20351211 	 4.30508e+06
620000000 	 4440803.21072308 	 4.54742e+06
621000000 	 5025245.21793404 	 4.78625e+06
622000000 	 5611287.22514500 	 5.01639e+06
623000000 	 5527369.11496407 	 4.43864e+06
624000000 	 5156325.24018666 	 3.51475e+06
625000000 	 4785281.36540925 	 2.59076e+06
626000000 	 4414237.49063183 	 1.66678e+06
627000000 	 4043193.61585442 	 742891
628000000 	 3672149.74107701 	 -181096
629000000 	 3426048.71876552 	 -252941
630000000 	 3225980.69253166 	 23632.4
631000000 	 3019114.20716343 	 300807
632000000 	 2812284.70257022 	 578119
633000000 	 2605455.19797701 	 855330
634000000 	 2398625.69338380 	 1.13264e+06
635000000 	 2317500.47976050 	 1.23735e+06
636000000 	 2282868.63403016 	 1.27836e+06
637000000 	 2248236.78829983 	 1.31937e+06
638000000 	 2213604.94256950 	 1.36038e+06
639000000 	 2181273.09683916 	 1.40719e+06
640000000 	 2150841.25110883 	 1.4589e+06
641000000 	 2171917.17131783 	 1.49255e+06
642000000 	 2210029.01350660 	 1.52004e+06
643000000 	 2248140.85569538 	 1.54754e+06
644000000 	 2286352.69788415 	 1.57514e+06
645000000 	 2324464.54007293 	 1.60263e+06
646000000 	 2362576.38226170 	 1.63023e+06
647000000 	 2394635.73142102 	 1.65956e+06
648000000 	 2430455.14654989 	 1.68476e+06
649000000 	 2468874.56167876 	 1.70775e+06
650000000 	 2507293.97680762 	 1.73075e+06
651000000 	 2545813.39193649 	 1.75375e+06
652000000 	 2584232.80706536 	 1.77674e+06
653000000 	 2501577.08825314 	 1.87583e+06
654000000 	 2384866.09595830 	 1.99644e+06
655000000 	 2268055.10366345 	 2.11705e+06
656000000 	 2151244.11136860 	 2.23766e+06
657000000 	 2026533.11907376 	 2.35347e+06
658000000 	 1900022.12677891 	 2.46828e+06
659000000 	 1894262.47188588 	 2.47157e+06
660000000 	 1920727.85604901 	 2.44533e+06
661000000 	 1947093.24021214 	 2.4191e+06
662000000 	 1973558.62437527 	 2.39276e+06
663000000 	 2000024.00853840 	 2.36653e+06
664000000 	 2026389.39270153 	 2.34029e+06
665000000 	 2038129.84375429 	 2.30355e+06
666000000 	 2042916.29815154 	 2.27453e+06
667000000 	 2047602.75254878 	 2.24622e+06
668000000 	 2052189.20694602 	 2.21791e+06
669000000 	 2056875.66134327 	 2.18949e+06
670000000 	 2061462.11574051 	 2.16118e+06
671000000 	 2065470.20023474 	 2.14818e+06
672000000 	 2069239.34149582 	 2.13844e+06
673000000 	 2073008.48275690 	 2.1287e+06
674000000 	 2077777.62401799 	 2.11895e+06
675000000 	 2092146.76527907 	 2.10931e+06
676000000 	 2106615.90654015 	 2.09967e+06
677000000 	 2096133.18949781 	 2.08646e+06
678000000 	 2080797.73754054 	 2.07268e+06
679000000 	 2065562.28558327 	 2.059e+06
680000000 	 2050326.83362600 	 2.04523e+06
681000000 	 2035091.38166873 	 2.03145e+06
682000000 	 2019755.92971146 	 2.01767e+06
683000000 	 2024974.03293814 	 2.05178e+06
684000000 	 2030935.73817150 	 2.08585e+06
685000000 	 2036797.44340487 	 2.11991e+06
686000000 	 2042759.14863823 	 2.15397e+06
687000000 	 2048720.85387160 	 2.18804e+06
688000000 	 2054682.55910496 	 2.2222e+06
689000000 	 2062348.37064706 	 2.19717e+06
690000000 	 2070246.56032216 	 2.16408e+06
691000000 	 2078044.74999727 	 2.131e+06
692000000 	 2082742.93967237 	 2.10011e+06
693000000 	 2081441.12934747 	 2.07312e+06
694000000 	 2080139.31902258 	 2.04614e+06
695000000 	 2071105.94222681 	 2.03948e+06
696000000 	 2061116.97856385 	 2.03534e+06
697000000 	 2051128.01490090 	 2.0312e+06
698000000 	 2041139.05123794 	 2.02706e+06
699000000 	 2031150.08757498 	 2.02292e+06
700000000 	 2021161.12391203 	 2.01878e+06
701000000 	 2016262.45977001 	 2.02452e+06
702000000 	 2015881.51755864 	 2.03459e+06
703000000 	 2015500.57534727 	 2.04476e+06
704000000 	 2015119.63313589 	 2.05492e+06
705000000 	 2014723.67243484 	 2.06505e+06
706000000 	 2014287.10618762 	 2.07543e+06
707000000 	 2011615.62174340 	 2.07909e+06
708000000 	 2008651.42436537 	 2.08218e+06
709000000 	 2005818.15478754 	 2.08529e+06
710000000 	 2005784.88520971 	 2.08261e+06
711000000 	 2007551.61563188 	 2.07623e+06
712000000 	 2009318.34605405 	 2.06994e+06
713000000 	 2010120.28201147 	 2.05736e+06
714000000 	 2010864.46466459 	 2.04427e+06
715000000 	 2011608.64731772 	 2.03128e+06
716000000 	 2012352.82997084 	 2.0183e+06
717000000 	 2013097.01262396 	 2.00531e+06
718000000 	 2013841.19527708 	 1.99223e+06
719000000 	 2015605.22445256 	 1.99581e+06
720000000 	 2015032.58056647 	 1.99982e+06
721000000 	 2014559.93668037 	 2.00373e+06
722000000 	 2014087.29279428 	 2.00774e+06
723000000 	 2013614.64890819 	 2.01174e+06
724000000 	 2013142.00502210 	 2.01575e+06
725000000 	 2004354.30829710 	 2.0058e+06
726000000 	 1995412.53777297 	 1.99542e+06
727000000 	 1986470.76724883 	 1.98504e+06
728000000 	 1978828.99672470 	 1.98406e+06
729000000 	 1971487.22620056 	 1.98438e+06
730000000 	 1964045.45567643 	 1.9847e+06
731000000 	 1957661.72695831 	 1.9887e+06
732000000 	 1951288.68553117 	 1.99274e+06
733000000 	 1945015.64410402 	 1.99678e+06
734000000 	 1938642.60267688 	 2.00092e+06
735000000 	 1932269.56124973 	 2.00496e+06
736000000 	 1925893.62563439 	 2.00899e+06
737000000 	 1918531.16538770 	 2.00767e+06
738000000 	 1911268.70514101 	 2.00644e+06
739000000 	 1903906.24489431 	 2.00521e+06
740000000 	 1896543.78464762 	 2.00399e+06
741000000 	 1889181.32440092 	 2.00266e+06
742000000 	 1882436.15085838 	 2.00149e+06
743000000 	 1900938.02581920 	 2.00273e+06
744000000 	 1919439.90078001 	 2.00397e+06
745000000 	 1937041.77574083 	 2.00411e+06
746000000 	 1948743.65070164 	 1.99786e+06
747000000 	 1960545.52566246 	 1.9917e+06
748000000 	 1971620.94577377 	 1.98542e+06
749000000 	 1967761.44949713 	 1.97871e+06
750000000 	 1963801.95322049 	 1.9721e+06
751000000 	 1959942.45694384 	 1.96539e+06
752000000 	 1955982.96066720 	 1.95878e+06
753000000 	 1952123.46439056 	 1.95206e+06
754000000 	 1946635.65338089 	 1.94804e+06
755000000 	 1936904.24488711 	 1.95478e+06
756000000 	 1927072.83639334 	 1.96152e+06
757000000 	 1917341.42789957 	 1.96826e+06
758000000 	 1907510.01940580 	 1.975e+06
759000000 	 1897678.61091202 	 1.98174e+06
760000000 	 1886610.88175840 	 1.98771e+06
761000000 	 1857689.17812390 	 1.98342e+06
762000000 	 1828867.47448939 	 1.97912e+06
763000000 	 1803845.77085489 	 1.97593e+06
764000000 	 1784930.92936921 	 1.97343e+06
765000000 	 1766177.48897325 	 1.97033e+06
766000000 	 1750577.29200140 	 1.96696e+06
767000000 	 1766959.88965102 	 1.96183e+06
768000000 	 1783242.48730064 	 1.9568e+06
769000000 	 1799525.08495026 	 1.95167e+06
770000000 	 1815907.68259987 	 1.94654e+06
771000000 	 1832190.28024949 	 1.94151e+06
772000000 	 1847324.09031140 	 1.93191e+06
773000000 	 1849279.22462183 	 1.9268e+06
774000000 	 1851334.35893227 	 1.92169e+06
775000000 	 1853389.49324270 	 1.91657e+06
776000000 	 1855344.62755313 	 1.91146e+06
777000000 	 1857399.76186356 	 1.90635e+06
778000000 	 1859017.53831446 	 1.90059e+06
779000000 	 1857328.02379546 	 1.89002e+06
780000000 	 1855738.50927646 	 1.87946e+06
781000000 	 1848048.99475746 	 1.871e+06
782000000 	 1837359.48023847 	 1.86354e+06
783000000 	 1826669.96571947 	 1.85608e+06
784000000 	 1812361.28945933 	 1.84842e+06
785000000 	 1775106.33393218 	 1.83958e+06
786000000 	 1737851.37840503 	 1.83083e+06
787000000 	 1700696.42287789 	 1.82199e+06
788000000 	 1663441.46735074 	 1.81315e+06
789000000 	 1626186.51182360 	 1.8043e+06
790000000 	 1606744.94268179 	 1.80479e+06
791000000 	 1662145.89639021 	 1.8223e+06
792000000 	 1717546.85009864 	 1.8399e+06
793000000 	 1772947.80380706 	 1.8575e+06
794000000 	 1828248.75751549 	 1.875e+06
795000000 	 1883667.92276905 	 1.89262e+06
796000000 	 1927373.87561387 	 1.9062e+06
797000000 	 1913847.99735502 	 1.90002e+06
798000000 	 1900322.11909617 	 1.89373e+06
799000000 	 1892696.24083731 	 1.88065e+06
800000000 	 1885570.36257846 	 1.86696e+06
801000000 	 1878344.48431961 	 1.85338e+06
802000000 	 1874011.54300974 	 1.84273e+06
803000000 	 1882011.64869291 	 1.84512e+06
804000000 	 1890011.75437608 	 1.84751e+06
805000000 	 1898111.86005924 	 1.84979e+06
806000000 	 1906111.96574241 	 1.85218e+06
807000000 	 1913512.07142558 	 1.85427e+06
808000000 	 1911204.10072168 	 1.85101e+06
809000000 	 1903263.82446952 	 1.83956e+06
810000000 	 1895323.54821735 	 1.8281e+06
811000000 	 1887383.27196519 	 1.81665e+06
812000000 	 1879442.99571302 	 1.8052e+06
813000000 	 1871502.71946086 	 1.79378e+06
814000000 	 1864267.77230959 	 1.78194e+06
815000000 	 1859533.53742515 	 1.76867e+06
816000000 	 1854499.30254071 	 1.7574e+06
817000000 	 1848565.06765626 	 1.75391e+06
818000000 	 1842630.83277182 	 1.75044e+06
819000000 	 1836696.59788737 	 1.74696e+06
820000000 	 1831074.24271912 	 1.74176e+06
821000000 	 1826496.00660074 	 1.73073e+06
822000000 	 1821917.77048235 	 1.71973e+06
823000000 	 1816706.35103347 	 1.71016e+06
824000000 	 1811346.40709966 	 1.70092e+06
825000000 	 1809086.46316585 	 1.69118e+06
826000000 	 1813554.78010160 	 1.69659e+06
827000000 	 1819207.87964605 	 1.75003e+06
828000000 	 1824960.97919050 	 1.80357e+06
829000000 	 1830614.07873495 	 1.85701e+06
830000000 	 1836367.17827940 	 1.91045e+06
831000000 	 1841613.20770898 	 1.9639e+06
832000000 	 1844254.16800013 	 1.99836e+06
833000000 	 1844494.99857146 	 1.98271e+06
834000000 	 1842735.82914278 	 1.96296e+06
835000000 	 1838876.65971411 	 1.93871e+06
836000000 	 1834917.49028543 	 1.91436e+06
837000000 	 1831058.32085675 	 1.89011e+06
838000000 	 1827627.44375476 	 1.86834e+06
839000000 	 1825655.03263564 	 1.85286e+06
840000000 	 1823582.62151652 	 1.83741e+06
841000000 	 1821610.21039740 	 1.82196e+06
842000000 	 1819537.79927828 	 1.80652e+06
843000000 	 1813365.38815916 	 1.79475e+06
844000000 	 1802877.90178921 	 1.79073e+06
845000000 	 1788855.23983397 	 1.79911e+06
846000000 	 1774932.57787873 	 1.80747e+06
847000000 	 1760909.91592349 	 1.81585e+06
848000000 	 1746887.25396826 	 1.82422e+06
849000000 	 1732864.59201302 	 1.8326e+06
850000000 	 1721111.96385993 	 1.83598e+06
851000000 	 1713870.65753643 	 1.82876e+06
852000000 	 1712529.35121293 	 1.82504e+06
853000000 	 1713288.04488943 	 1.82259e+06
854000000 	 1714046.73856593 	 1.82016e+06
855000000 	 1714905.43224243 	 1.81771e+06
856000000 	 1715143.95615243 	 1.81927e+06
857000000 	 1714326.37780923 	 1.82898e+06
858000000 	 1713508.79946604 	 1.83863e+06
859000000 	 1712691.22112284 	 1.84835e+06
860000000 	 1711973.64277964 	 1.85808e+06
861000000 	 1713456.06443644 	 1.8601e+06
862000000 	 1714160.66753137 	 1.8593e+06
863000000 	 1712963.60758282 	 1.85519e+06
864000000 	 1711766.54763427 	 1.85117e+06
865000000 	 1710469.48768572 	 1.84712e+06
866000000 	 1709272.42773717 	 1.84307e+06
867000000 	 1707975.36778862 	 1.83901e+06
868000000 	 1710468.29277483 	 1.83264e+06
869000000 	 1719244.16508238 	 1.82232e+06
870000000 	 1719120.03738993 	 1.81226e+06
871000000 	 1718995.90969748 	 1.8022e+06
872000000 	 1718871.78200504 	 1.79213e+06
873000000 	 1718847.65431259 	 1.78208e+06
874000000 	 1713923.62811533 	 1.77451e+06
875000000 	 1701168.18856812 	 1.77102e+06
876000000 	 1688512.74902090 	 1.76753e+06
877000000 	 1675757.30947369 	 1.76405e+06
878000000 	 1663401.86992648 	 1.7617e+06
879000000 	 1653546.43037927 	 1.76691e+06
880000000 	 1646208.57801136 	 1.77054e+06
881000000 	 1642567.44845224 	 1.77173e+06
882000000 	 1639260.25235133 	 1.77251e+06
883000000 	 1635953.05625041 	 1.7733e+06
884000000 	 1632645.86014949 	 1.77408e+06
885000000 	 1629338.66404857 	 1.77486e+06
886000000 	 1614788.64963402 	 1.7782e+06
887000000 	 1585959.94545107 	 1.78394e+06
888000000 	 1562631.24126812 	 1.78616e+06
889000000 	 1539202.53708517 	 1.78837e+06
890000000 	 1515873.83290222 	 1.79059e+06
891000000 	 1492697.99107618 	 1.79461e+06
892000000 	 1491565.31872532 	 1.80125e+06
893000000 	 1519480.29431541 	 1.81111e+06
894000000 	 1547495.26990549 	 1.82098e+06
895000000 	 1575510.24549557 	 1.83084e+06
896000000 	 1600725.22108566 	 1.83854e+06
897000000 	 1621940.19667574 	 1.84296e+06
898000000 	 1632451.94485434 	 1.8405e+06
899000000 	 1630104.19286333 	 1.82963e+06
900000000 	 1627656.44087233 	 1.81875e+06
901000000 	 1625308.68888133 	 1.80788e+06
902000000 	 1622860.93689033 	 1.79702e+06
903000000 	 1620513.18489933 	 1.78615e+06
904000000 	 1566754.33759562 	 1.78485e+06
905000000 	 1450960.72622919 	 1.79903e+06
906000000 	 1333567.11486275 	 1.817e+06
907000000 	 1216273.50349631 	 1.83497e+06
908000000 	 1098879.89212987 	 1.85293e+06
909000000 	 981486.280763433 	 1.8709e+06
910000000 	 920562.975751514 	 1.86366e+06
911000000 	 920815.835956983 	 1.82913e+06
912000000 	 921068.696162452 	 1.79459e+06
913000000 	 921321.556367920 	 1.76005e+06
914000000 	 927274.416573389 	 1.72606e+06
915000000 	 936127.276778857 	 1.69236e+06
916000000 	 997001.412689101 	 1.68759e+06
917000000 	 1110096.82430411 	 1.71175e+06
918000000 	 1223092.23591912 	 1.73591e+06
919000000 	 1336187.64753412 	 1.76008e+06
920000000 	 1449183.05914913 	 1.78425e+06
921000000 	 1562278.47076414 	 1.80841e+06
922000000 	 1619039.56744791 	 1.82391e+06
923000000 	 1620375.53802127 	 1.82429e+06
924000000 	 1621511.50859463 	 1.82293e+06
925000000 	 1622647.47916799 	 1.82156e+06
926000000 	 1623683.44974135 	 1.82019e+06
927000000 	 1624819.42031471 	 1.81882e+06
928000000 	 1618890.19564182 	 1.82136e+06
929000000 	 1606884.28839205 	 1.82737e+06
930000000 	 1594878.38114228 	 1.83338e+06
931000000 	 1582772.47389252 	 1.83938e+06
932000000 	 1563966.56664275 	 1.84886e+06
933000000 	 1544560.65939299 	 1.85861e+06
934000000 	 1530485.61131821 	 1.86162e+06
935000000 	 1520951.66550361 	 1.85887e+06
936000000 	 1511417.71968901 	 1.85612e+06
937000000 	 1501783.77387442 	 1.85338e+06
938000000 	 1492249.82805982 	 1.85063e+06
939000000 	 1482715.88224522 	 1.84789e+06
940000000 	 1475082.73131330 	 1.84783e+06
941000000 	 1474335.95482428 	 1.85517e+06
942000000 	 1473589.17833526 	 1.86251e+06
943000000 	 1472842.40184624 	 1.86985e+06
944000000 	 1472095.62535722 	 1.87719e+06
945000000 	 1471348.84886819 	 1.88453e+06
946000000 	 1469399.65318498 	 1.89055e+06
947000000 	 1466752.15394734 	 1.89563e+06
948000000 	 1464104.65470970 	 1.90069e+06
949000000 	 1462257.15547206 	 1.90434e+06
950000000 	 1463271.00614236 	 1.90346e+06
951000000 	 1464032.96851205 	 1.90358e+06
952000000 	 1466744.48551412 	 1.90308e+06
953000000 	 1470880.26929463 	 1.90217e+06
954000000 	 1475016.05307514 	 1.90126e+06
955000000 	 1479151.83685565 	 1.90035e+06
956000000 	 1483287.62063616 	 1.89942e+06
957000000 	 1487423.40441667 	 1.89851e+06
958000000 	 1481480.60247812 	 1.89726e+06
959000000 	 1465056.40967000 	 1.89501e+06
960000000 	 1448732.21686188 	 1.89276e+06
961000000 	 1432308.02405376 	 1.89051e+06
962000000 	 1415983.83124564 	 1.88827e+06
963000000 	 1399659.63843752 	 1.88602e+06
964000000 	 1393034.91888390 	 1.8857e+06
965000000 	 1392265.44552738 	 1.8865e+06
966000000 	 1391395.97217085 	 1.88731e+06
967000000 	 1390926.49881433 	 1.89211e+06
968000000 	 1390757.02545780 	 1.90166e+06
969000000 	 1390687.55210128 	 1.91119e+06
970000000 	 1373470.91970042 	 1.91011e+06
971000000 	 1346665.26033712 	 1.90305e+06
972000000 	 1319959.60097381 	 1.89599e+06
973000000 	 1293153.94161051 	 1.88893e+06
974000000 	 1266348.28224721 	 1.88187e+06
975000000 	 1239642.62288390 	 1.87481e+06
976000000 	 1252696.86987511 	 1.89165e+06
977000000 	 1287212.28074592 	 1.92048e+06
978000000 	 1321727.69161673 	 1.94931e+06
979000000 	 1356243.10248754 	 1.97815e+06
980000000 	 1390658.51335835 	 2.00698e+06
981000000 	 1425173.92422916 	 2.03582e+06
982000000 	 1456188.70230619 	 2.04596e+06
983000000 	 1485556.12377437 	 2.04729e+06
984000000 	 1514923.54524255 	 2.04863e+06
985000000 	 1540490.96671073 	 2.04474e+06
986000000 	 1564658.38817892 	 2.03885e+06
987000000 	 1588825.80964710 	 2.03296e+06
988000000 	 1574596.92072618 	 2.0261e+06
989000000 	 1543017.51554348 	 2.0188e+06
990000000 	 1511538.11036078 	 2.0115e+06
991000000 	 1480058.70517808 	 2.0042e+06
992000000 	 1448579.29999538 	 1.9969e+06
993000000 	 1417099.89481267 	 1.98961e+06
994000000 	 1396134.61969066 	 1.99164e+06
995000000 	 1380524.41177654 	 1.99614e+06
996000000 	 1364914.20386242 	 2.00064e+06
997000000 	 1349403.99594830 	 2.00515e+06
998000000 	 1333793.78803418 	 2.00965e+06
999000000 	 1318286.44914499 	 2.01414e+06
1000000000 	 1322386.47751093 	 2.02075e+06
1.001e+09 	 1334269.22679820 	 2.02819e+06
1002000000 	 1346051.97608547 	 2.03563e+06
1.003e+09 	 1365534.72537273 	 2.04637e+06
1004000000 	 1385117.47466000 	 2.05715e+06
1.005e+09 	 1404700.22394727 	 2.06793e+06
1006000000 	 1403982.91883959 	 2.07621e+06
1.007e+09 	 1394422.73327692 	 2.08341e+06
1008000000 	 1384862.54771425 	 2.09061e+06
1.009e+09 	 1364391.57821284 	 2.07862e+06
1010000000 	 1319167.12155030 	 2.02099e+06
1.011e+09 	 1274142.66488774 	 1.96236e+06
1012000000 	 1229266.86020259 	 1.89221e+06
1.013e+09 	 1184278.21851179 	 1.82105e+06
1014000000 	 1139289.57682100 	 1.74988e+06
1.015e+09 	 1094200.93513020 	 1.67871e+06
1016000000 	 1049212.29343939 	 1.60754e+06
1.017e+09 	 1004223.65174860 	 1.53638e+06
1018000000 	 965938.343391138 	 1.46708e+06
1.019e+09 	 929453.868367002 	 1.39825e+06
1020000000 	 890969.393342866 	 1.32971e+06
1.021e+09 	 846384.918318739 	 1.26205e+06
1022000000 	 801900.443294613 	 1.19438e+06
1.023e+09 	 757415.968270476 	 1.12671e+06
1024000000 	 715794.119913006 	 1.05941e+06
1.025e+09 	 674887.928222212 	 992198
1026000000 	 633981.736531419 	 924992
1.027e+09 	 592975.544840615 	 857786
1028000000 	 552069.353149813 	 790580
1.029e+09 	 512563.161459019 	 726235
1030000000 	 471002.116434892 	 683948
1.031e+09 	 428402.358077422 	 646046
1032000000 	 385802.599719952 	 608133
1.033e+09 	 343302.841362492 	 570221
1034000000 	 300703.083005032 	 532319
1.035e+09 	 258103.324647562 	 494407
1036000000 	 218331.859623426 	 436108
1.037e+09 	 179367.467932632 	 372710
1038000000 	 143503.076241837 	 306622
1.039e+09 	 110538.684551035 	 238044
1040000000 	 77574.2928602327 	 169476
1.041e+09 	 44609.9011694384 	 100898
1042000000 	 13924.5625859878 	 38043.2
1.043e+09 	 -16091.0127206326 	 -23383.2
1044000000 	 -46206.5880272540 	 -84809.6
1.045e+09 	 -76322.1633338676 	 -146236
1046000000 	 -106437.738640483 	 -207662
1.047e+09 	 -140953.313947103 	 -271769
1048000000 	 -182226.183999488 	 -342005
1.049e+09 	 -223994.309023615 	 -412762
1050000000 	 -265762.434047741 	 -483519
1.051e+09 	 -307530.559071878 	 -554266
1052000000 	 -349398.684096014 	 -625023
1.053e+09 	 -391166.809120141 	 -695770
1054000000 	 -435404.924144268 	 -761625
1.055e+09 	 -479917.482501738 	 -826925
1056000000 	 -526230.040859208 	 -886235
1.057e+09 	 -573042.599216668 	 -943915
1058000000 	 -619754.764211574 	 -1.00159e+06
1059000000 	 -666566.885499540 	 -1.05926e+06
1060000000 	 -724691.456787506 	 -1.11565e+06
1061000000 	 -784184.078075461 	 -1.1719e+06
1062000000 	 -843576.699363415 	 -1.22814e+06
1063000000 	 -903069.320651382 	 -1.28439e+06
1064000000 	 -962561.941939349 	 -1.34062e+06
1065000000 	 -1014954.56322730 	 -1.39698e+06
1066000000 	 -1039841.58451526 	 -1.46371e+06
1067000000 	 -1061850.20580322 	 -1.53159e+06
1.068e+09 	 -1083858.82709118 	 -1.59948e+06
1069000000 	 -1033609.97283109 	 -1.56126e+06
1.07e+09 	 -975443.621287882 	 -1.51126e+06
1071000000 	 -917177.269744670 	 -1.46126e+06
1.072e+09 	 -820894.118201450 	 -1.43162e+06
1073000000 	 -720475.766658220 	 -1.4046e+06
1074000000 	 -622257.415115013 	 -1.38472e+06
1075000000 	 -524039.063571806 	 -1.36483e+06
1076000000 	 -425820.712028577 	 -1.34495e+06
1077000000 	 -327602.360485348 	 -1.32506e+06
1078000000 	 -339385.311484502 	 -1.28071e+06
1079000000 	 -363390.629432807 	 -1.23365e+06
1080000000 	 -387395.947381116 	 -1.18658e+06
1081000000 	 -411401.265329426 	 -1.13951e+06
1082000000 	 -436606.583277730 	 -1.09169e+06
1083000000 	 -467011.901226033 	 -1.04051e+06
1084000000 	 -403963.049682829 	 -934005
1085000000 	 -340914.198139605 	 -827496
1086000000 	 -277865.346596393 	 -720988
1087000000 	 -214816.495053183 	 -614479
1088000000 	 -151767.643509957 	 -507960
1089000000 	 -88718.7919667326 	 -401451
1090000000 	 -55871.1737568511 	 -363360
1091000000 	 -21123.5555469710 	 -323758
1092000000 	 17724.0626629172 	 -280867
1093000000 	 56471.6808728063 	 -237965
1094000000 	 95219.2990826863 	 -195074
1095000000 	 134066.917292567 	 -152172
1096000000 	 160908.002169124 	 -103110
1097000000 	 187849.087045678 	 -54038.6
1098000000 	 214690.171922227 	 -4966.8
1099000000 	 241531.256798775 	 44105
1100000000 	 269872.341675329 	 90056.8
1101000000 	 299913.426551884 	 132159
1102000000 	 371080.111428427 	 187427
1103000000 	 442346.796304971 	 242696
1104000000 	 513513.481181530 	 297964
1105000000 	 584680.166058090 	 353223
1106000000 	 655846.850934632 	 408491
1107000000 	 727013.535811176 	 463769
1108000000 	 747055.220687741 	 557147
1109000000 	 762696.905564295 	 649995
1110000000 	 775338.590440845 	 742473
1111000000 	 787980.275317394 	 834951
1112000000 	 800621.960193948 	 927429
1113000000 	 813163.645070500 	 1.01991e+06
1114000000 	 855676.632206934 	 1.0392e+06
1115000000 	 898189.619343368 	 1.0585e+06
1116000000 	 940702.217601217 	 1.07779e+06
1117000000 	 983113.260344690 	 1.09709e+06
1118000000 	 1026524.30308815 	 1.12172e+06
1119000000 	 1068680.73227230 	 1.14444e+06
1120000000 	 1096845.63942255 	 1.1305e+06
1121000000 	 1125010.54657280 	 1.11658e+06
1122000000 	 1153075.45372304 	 1.10266e+06
1123000000 	 1181256.64342966 	 1.08875e+06
1124000000 	 1209437.83313628 	 1.07484e+06
1125000000 	 1230509.65617624 	 1.07791e+06
1126000000 	 1187597.17921620 	 1.23378e+06
1127000000 	 1150284.70225615 	 1.38706e+06
1128000000 	 1100295.70614166 	 1.50626e+06
1129000000 	 1041288.61303702 	 1.60288e+06
1130000000 	 982181.519932397 	 1.69951e+06
1131000000 	 941241.276827731 	 1.78999e+06
1132000000 	 1062902.68372311 	 1.8252e+06
1133000000 	 1184464.09061850 	 1.86042e+06
1134000000 	 1306125.49751385 	 1.89564e+06
1135000000 	 1427786.90440921 	 1.93086e+06
1136000000 	 1544548.31130459 	 1.96072e+06
1137000000 	 1654632.85153331 	 1.98774e+06
1138000000 	 1705525.59176201 	 1.99034e+06
1139000000 	 1756318.33199071 	 1.99294e+06
1140000000 	 1807211.07221941 	 1.99553e+06
1141000000 	 1858103.81244812 	 1.99813e+06
1142000000 	 1908996.55267682 	 2.00073e+06
1143000000 	 1954947.32623886 	 2.00145e+06
1144000000 	 1955920.39980090 	 1.98578e+06
1145000000 	 1953393.47336294 	 1.97555e+06
1146000000 	 1950866.54692497 	 1.96533e+06
1147000000 	 1948239.62048701 	 1.9551e+06
1148000000 	 1945712.69404905 	 1.94488e+06
1149000000 	 1945057.88427775 	 1.93427e+06
1150000000 	 1962252.12450645 	 1.92003e+06
1151000000 	 1979446.36473515 	 1.9058e+06
1152000000 	 1996540.60496386 	 1.89157e+06
1153000000 	 2015434.84519256 	 1.87781e+06
1154000000 	 2039429.08542126 	 1.86551e+06
1155000000 	 2059885.69796636 	 1.86428e+06
1156000000 	 2048503.66135890 	 1.9627e+06
1157000000 	 2037121.62475144 	 2.06112e+06
1158000000 	 2025739.58814399 	 2.15954e+06
1159000000 	 2014357.55153654 	 2.25797e+06
1160000000 	 2002975.51492908 	 2.35639e+06
1161000000 	 2004118.90035552 	 2.40517e+06
1162000000 	 2054863.97391755 	 2.25269e+06
1163000000 	 2105609.04747958 	 2.0957e+06
1164000000 	 2156454.12104163 	 1.93873e+06
1165000000 	 2207299.19460367 	 1.78175e+06
1166000000 	 2258044.26816570 	 1.62477e+06
1167000000 	 2285401.80839442 	 1.5043e+06
1168000000 	 2218709.21528979 	 1.52989e+06
1169000000 	 2152116.62218515 	 1.55549e+06
1170000000 	 2085524.02908053 	 1.58108e+06
1171000000 	 2015531.43597590 	 1.60763e+06
1172000000 	 1942338.84287127 	 1.63509e+06
1173000000 	 1928075.34976662 	 1.65211e+06
1174000000 	 2149528.25666197 	 1.62735e+06
1175000000 	 2370979.38478980 	 1.60259e+06
1176000000 	 2592427.84476641 	 1.57782e+06
1177000000 	 2813876.30474302 	 1.55305e+06
1178000000 	 3035324.76471958 	 1.52829e+06
1179000000 	 3198062.89136288 	 1.51907e+06
1180000000 	 3128459.68467279 	 1.57561e+06
1181000000 	 3060156.47798270 	 1.63419e+06
1182000000 	 2991953.27129263 	 1.69276e+06
1183000000 	 2923750.06460255 	 1.75134e+06
1184000000 	 2855546.85791246 	 1.80991e+06
1185000000 	 2799990.28455571 	 1.85266e+06
1186000000 	 2794920.24453229 	 1.83208e+06
1187000000 	 2784100.47827522 	 1.80984e+06
1188000000 	 2749881.80708345 	 1.78099e+06
1189000000 	 2719063.13589169 	 1.74813e+06
1190000000 	 2689144.46469993 	 1.71412e+06
1191000000 	 2663926.74209574 	 1.68689e+06
1192000000 	 2657012.81384184 	 1.68678e+06
1193000000 	 2650198.88558793 	 1.68668e+06
1194000000 	 2643284.95733402 	 1.68658e+06
1195000000 	 2636471.02908012 	 1.68647e+06
1196000000 	 2629557.10082621 	 1.68637e+06
1197000000 	 2612321.54969096 	 1.67449e+06
1198000000 	 2565068.87849920 	 1.6329e+06
1199000000 	 2517216.20730744 	 1.5911e+06
1200000000 	 2469463.53611569 	 1.54928e+06
1201000000 	 2421610.86492392 	 1.50748e+06
1202000000 	 2373858.19373216 	 1.46567e+06
1203000000 	 2362643.27254037 	 1.48563e+06
1204000000 	 2437016.43468194 	 1.64969e+06
1205000000 	 2511289.59682352 	 1.81375e+06
1206000000 	 2585662.75896511 	 1.97808e+06
1207000000 	 2659335.92110667 	 2.14895e+06
1208000000 	 2732909.08324824 	 2.31982e+06
1209000000 	 2764355.89538986 	 2.41001e+06
1210000000 	 2697274.55753142 	 2.31197e+06
1211000000 	 2630193.21967300 	 2.21392e+06
1212000000 	 2563111.88181458 	 2.11588e+06
1213000000 	 2495930.54395614 	 2.01784e+06
1214000000 	 2428849.20609771 	 1.9198e+06
1215000000 	 2374217.56823929 	 1.81946e+06
1216000000 	 2351468.56371420 	 1.71322e+06
1217000000 	 2328719.55918910 	 1.60697e+06
1218000000 	 2305970.55466401 	 1.50074e+06
1219000000 	 2283221.55013892 	 1.39449e+06
1220000000 	 2260472.54561383 	 1.28825e+06
1221000000 	 2245832.54108873 	 1.21526e+06
1222000000 	 2250113.53656364 	 1.21981e+06
1223000000 	 2254394.53203854 	 1.22438e+06
1224000000 	 2257675.52751345 	 1.22711e+06
1225000000 	 2258656.52298836 	 1.22566e+06
1226000000 	 2259737.51846327 	 1.22421e+06
1227000000 	 2260628.15546360 	 1.22816e+06
1228000000 	 2261407.95602325 	 1.24472e+06
1229000000 	 2262087.75658291 	 1.26128e+06
1230000000 	 2262867.55714256 	 1.27783e+06
1231000000 	 2263547.35770221 	 1.29438e+06
1232000000 	 2264327.15826186 	 1.31094e+06
1233000000 	 2258358.63678762 	 1.31755e+06
1234000000 	 2242862.37785026 	 1.3088e+06
1235000000 	 2227263.86702193 	 1.30006e+06
1236000000 	 2211765.35619361 	 1.29131e+06
1237000000 	 2196266.84536527 	 1.28257e+06
1238000000 	 2180668.33453694 	 1.27383e+06
1239000000 	 2156648.89037528 	 1.2696e+06
1240000000 	 2119848.04621362 	 1.27214e+06
1241000000 	 2082947.20205196 	 1.27469e+06
1242000000 	 2049446.35789029 	 1.27905e+06
1243000000 	 2018545.51372863 	 1.28478e+06
1244000000 	 1987544.66956697 	 1.29051e+06
1245000000 	 1970789.95873864 	 1.28855e+06
1246000000 	 1975504.44791031 	 1.27507e+06
1247000000 	 1986400.77652191 	 1.26883e+06
1248000000 	 1997995.08729350 	 1.26342e+06
1249000000 	 2009689.39806510 	 1.258e+06
1250000000 	 2021283.70883669 	 1.25258e+06
1251000000 	 2029649.28627495 	 1.2499e+06
1252000000 	 2031771.76371321 	 1.25627e+06
1253000000 	 2033994.24115147 	 1.26265e+06
1254000000 	 2036116.71858973 	 1.26902e+06
1255000000 	 2038339.19602799 	 1.2754e+06
1256000000 	 2040561.67346625 	 1.28177e+06
1257000000 	 2035843.55090451 	 1.2736e+06
1258000000 	 2020964.52834277 	 1.2436e+06
1259000000 	 2005986.86768506 	 1.2136e+06
1260000000 	 1985721.46416361 	 1.18388e+06
1261000000 	 1964256.06064214 	 1.15422e+06
1262000000 	 1942790.65712068 	 1.12456e+06
1263000000 	 1938196.08184781 	 1.11722e+06
1264000000 	 1959007.74894782 	 1.14331e+06
1265000000 	 1979719.41604784 	 1.16941e+06
1266000000 	 2000431.08314785 	 1.1955e+06
1267000000 	 2021142.75024786 	 1.22161e+06
1268000000 	 2041954.41734787 	 1.2477e+06
1269000000 	 2019708.96580382 	 1.26722e+06
1270000000 	 1952306.39561568 	 1.27427e+06
1271000000 	 1885003.82542757 	 1.28133e+06
1272000000 	 1817701.25523945 	 1.28838e+06
1273000000 	 1750298.68505132 	 1.29543e+06
1274000000 	 1682996.11486319 	 1.30248e+06
1275000000 	 1676760.71134173 	 1.29889e+06
1276000000 	 1731492.47448693 	 1.28468e+06
1277000000 	 1786824.23763215 	 1.27009e+06
1278000000 	 1846956.00077736 	 1.25223e+06
1279000000 	 1907187.76392256 	 1.23436e+06
1280000000 	 1967319.52706776 	 1.2165e+06
1281000000 	 1987657.62354632 	 1.2251e+06
1282000000 	 1968202.05335819 	 1.26017e+06
1283000000 	 1948746.48317007 	 1.29524e+06
1284000000 	 1929390.91298195 	 1.3303e+06
1285000000 	 1909935.34279382 	 1.36537e+06
1286000000 	 1889279.77260569 	 1.39953e+06
1287000000 	 1883147.70241757 	 1.39407e+06
1288000000 	 1895239.13222944 	 1.35199e+06
1289000000 	 1907430.56204132 	 1.30991e+06
1290000000 	 1919521.99185320 	 1.26783e+06
1291000000 	 1931613.42166507 	 1.22575e+06
1292000000 	 1943804.85147694 	 1.18368e+06
1293000000 	 1947993.17694470 	 1.16048e+06
1294000000 	 1944388.75241245 	 1.15617e+06
1295000000 	 1939784.32788020 	 1.15401e+06
1296000000 	 1933779.90334796 	 1.15558e+06
1297000000 	 1927675.47881571 	 1.15716e+06
1298000000 	 1921571.05428346 	 1.15874e+06
1299000000 	 1921350.60009020 	 1.14385e+06
1300000000 	 1926814.11623591 	 1.11249e+06
1301000000 	 1932277.63238163 	 1.08112e+06
1302000000 	 1937841.14852735 	 1.04976e+06
1303000000 	 1943304.66467307 	 1.0184e+06
1304000000 	 1951868.18081879 	 987231
1305000000 	 1945897.53255773 	 1.0338e+06
1306000000 	 1929346.42856080 	 1.132e+06
1307000000 	 1913472.60771011 	 1.23016e+06
1308000000 	 1897598.78685942 	 1.32832e+06
1309000000 	 1881624.96600874 	 1.4265e+06
1310000000 	 1865751.14515805 	 1.52466e+06
1311000000 	 1866533.92430736 	 1.54075e+06
1312000000 	 1878321.10345667 	 1.50215e+06
1313000000 	 1889308.28260598 	 1.45963e+06
1314000000 	 1899695.46175530 	 1.41482e+06
1315000000 	 1910082.64090461 	 1.37002e+06
1316000000 	 1920469.82005392 	 1.32522e+06
1317000000 	 1931542.69920323 	 1.29675e+06
1318000000 	 1943072.71168588 	 1.27917e+06
1319000000 	 1954702.72416852 	 1.26159e+06
1320000000 	 1966232.73665117 	 1.24401e+06
1321000000 	 1977762.74913382 	 1.22643e+06
1322000000 	 1985192.76161646 	 1.21115e+06
1323000000 	 2014439.77409911 	 1.20089e+06
1324000000 	 2059098.11991508 	 1.19351e+06
1325000000 	 2103756.46573105 	 1.18612e+06
1326000000 	 2148414.81154704 	 1.17873e+06
1327000000 	 2193073.15736302 	 1.17134e+06
1328000000 	 2237731.50317900 	 1.16395e+06
1329000000 	 2090830.84899506 	 1.21676e+06
1330000000 	 1816224.19481101 	 1.30967e+06
1331000000 	 1545717.54062696 	 1.40642e+06
1332000000 	 1275810.88644297 	 1.50361e+06
1333000000 	 1005804.23225898 	 1.6008e+06
1334000000 	 735897.578074927 	 1.69799e+06
1335000000 	 733489.500162033 	 1.69547e+06
1336000000 	 909580.473096637 	 1.62647e+06
1337000000 	 1085571.44603124 	 1.55747e+06
1338000000 	 1261562.41896588 	 1.48847e+06
1339000000 	 1437753.39190053 	 1.41931e+06
1340000000 	 1616744.36483513 	 1.34471e+06
1341000000 	 1675472.68212007 	 1.2991e+06
1342000000 	 1682759.86126938 	 1.26591e+06
1343000000 	 1689947.04041869 	 1.23272e+06
1344000000 	 1697234.21956800 	 1.19953e+06
1345000000 	 1704421.39871732 	 1.16634e+06
1346000000 	 1711608.57786663 	 1.13315e+06
1347000000 	 1741099.05701594 	 1.07539e+06
1348000000 	 1779005.23616525 	 1.00692e+06
1349000000 	 1811811.41531456 	 937514
1350000000 	 1844717.59446387 	 868119
1351000000 	 1877522.17001569 	 798717
1352000000 	 1910323.00383998 	 729331
1353000000 	 1898112.22099763 	 819255
1354000000 	 1866467.88815526 	 977471
1355000000 	 1834823.55531289 	 1.13568e+06
1356000000 	 1803279.22247053 	 1.29389e+06
1357000000 	 1771834.88962816 	 1.45397e+06
1358000000 	 1740790.55678579 	 1.61852e+06
1359000000 	 1684106.99061009 	 1.71554e+06
1360000000 	 1616292.32443440 	 1.78362e+06
1361000000 	 1548577.65825871 	 1.8517e+06
1362000000 	 1480762.99208300 	 1.91979e+06
1363000000 	 1413048.32590729 	 1.98787e+06
1364000000 	 1345233.65973160 	 2.05595e+06
1365000000 	 1356135.87849691 	 2.02025e+06
1366000000 	 1403536.47035972 	 1.93912e+06
1367000000 	 1454237.06222254 	 1.85669e+06
1368000000 	 1504937.65408534 	 1.77426e+06
1369000000 	 1555538.24594814 	 1.69183e+06
1370000000 	 1606238.83781095 	 1.6094e+06
1371000000 	 1617361.01441953 	 1.56364e+06
1372000000 	 1611521.01306200 	 1.5336e+06
1373000000 	 1605681.01170447 	 1.50355e+06
1374000000 	 1599841.01034694 	 1.47351e+06
1375000000 	 1591701.00898941 	 1.44074e+06
1376000000 	 1581861.00763188 	 1.40582e+06
1377000000 	 1589565.48085061 	 1.40878e+06
1378000000 	 1601656.07271342 	 1.42119e+06
1379000000 	 1613746.66457623 	 1.4336e+06
1380000000 	 1625837.25643904 	 1.44602e+06
1381000000 	 1637927.84830184 	 1.45843e+06
1382000000 	 1650118.44016465 	 1.47084e+06
1383000000 	 1663520.89869413 	 1.45415e+06
1384000000 	 1674651.32389027 	 1.43364e+06
1385000000 	 1684681.74908641 	 1.41468e+06
1386000000 	 1694812.17428255 	 1.39573e+06
1387000000 	 1704842.59947869 	 1.37678e+06
1388000000 	 1714873.02467483 	 1.35782e+06
1389000000 	 1709750.51653764 	 1.35916e+06
1390000000 	 1700839.77506712 	 1.36559e+06
1391000000 	 1692029.03359659 	 1.37202e+06
1392000000 	 1683118.29212607 	 1.37844e+06
1393000000 	 1679007.55065554 	 1.38642e+06
1394000000 	 1675996.80918501 	 1.39474e+06
1395000000 	 1680120.60104782 	 1.40408e+06
1396000000 	 1686153.02624396 	 1.41367e+06
1397000000 	 1692085.45144010 	 1.42327e+06
1398000000 	 1698117.87663624 	 1.43286e+06
1399000000 	 1704050.30183238 	 1.44246e+06
1400000000 	 1710082.72702853 	 1.45206e+06
1401000000 	 1715784.61889133 	 1.45449e+06
1402000000 	 1721603.87742081 	 1.44912e+06
1403000000 	 1727423.13595028 	 1.44348e+06
1404000000 	 1733242.39447976 	 1.43784e+06
1405000000 	 1739161.65300923 	 1.4322e+06
1406000000 	 1744980.91153870 	 1.42656e+06
1407000000 	 1736551.23673484 	 1.42018e+06
1408000000 	 1724434.32859765 	 1.41363e+06
1409000000 	 1712317.42046046 	 1.40707e+06
1410000000 	 1699686.54273705 	 1.40065e+06
1411000000 	 1681741.69542743 	 1.39556e+06
1412000000 	 1663696.84811780 	 1.39046e+06
1413000000 	 1603561.82693810 	 1.37977e+06
1414000000 	 1532783.60646456 	 1.36766e+06
1415000000 	 1462105.38599103 	 1.35555e+06
1416000000 	 1391327.16551751 	 1.34346e+06
1417000000 	 1320648.94504399 	 1.33135e+06
1418000000 	 1249870.72457045 	 1.31925e+06
1419000000 	 1305996.86596134 	 1.31507e+06
1420000000 	 1378534.60311492 	 1.31577e+06
1421000000 	 1451172.34026851 	 1.31647e+06
1422000000 	 1523710.07742211 	 1.31715e+06
1423000000 	 1596347.81457569 	 1.31785e+06
1424000000 	 1668985.55172929 	 1.31855e+06
1425000000 	 1688909.62595370 	 1.32149e+06
1426000000 	 1703103.75707791 	 1.3247e+06
1427000000 	 1717297.88820212 	 1.32792e+06
1428000000 	 1732892.01932634 	 1.32959e+06
1429000000 	 1751286.15045055 	 1.32841e+06
1430000000 	 1769680.28157476 	 1.32723e+06
1431000000 	 1759538.41269898 	 1.31729e+06
1432000000 	 1746225.87715652 	 1.30637e+06
1433000000 	 1732913.34161407 	 1.29546e+06
1434000000 	 1719600.80607162 	 1.28454e+06
1435000000 	 1706288.27052917 	 1.27362e+06
1436000000 	 1692975.73498671 	 1.2627e+06
1437000000 	 1681610.14944426 	 1.25291e+06
1438000000 	 1667849.78056847 	 1.24205e+06
1439000000 	 1654089.41169269 	 1.23118e+06
1440000000 	 1640429.04281690 	 1.22031e+06
1441000000 	 1626668.67394111 	 1.20944e+06
1442000000 	 1612908.30506532 	 1.19858e+06
1443000000 	 1582765.78618954 	 1.1301e+06
1444000000 	 1550691.91731375 	 1.05522e+06
1445000000 	 1518718.04843797 	 980338
1446000000 	 1485944.17956218 	 909220
1447000000 	 1452770.31068639 	 840392
1448000000 	 1419496.44181060 	 771575
1449000000 	 1467299.83903651 	 909835
1450000000 	 1524100.71027372 	 1.07109e+06
1451000000 	 1580901.58151092 	 1.23236e+06
1452000000 	 1637702.45274814 	 1.39362e+06
1453000000 	 1694503.32398534 	 1.55489e+06
1454000000 	 1751304.19522255 	 1.71616e+06
1455000000 	 1744384.82634677 	 1.67602e+06
1456000000 	 1738965.45747098 	 1.63572e+06
1457000000 	 1733546.08859519 	 1.59542e+06
1458000000 	 1728126.71971940 	 1.55512e+06
1459000000 	 1722707.35084362 	 1.51482e+06
1460000000 	 1717287.98196783 	 1.47452e+06
1461000000 	 1703352.27975871 	 1.45331e+06
1462000000 	 1689416.57754959 	 1.43211e+06
1463000000 	 1675480.87534047 	 1.41091e+06
1464000000 	 1659445.17313135 	 1.38471e+06
1465000000 	 1643009.47092223 	 1.35788e+06
1466000000 	 1626673.76871311 	 1.33103e+06
1467000000 	 1656261.23317065 	 1.3154e+06
1468000000 	 1685848.69762820 	 1.29977e+06
1469000000 	 1715457.78116582 	 1.28419e+06
1470000000 	 1744972.26947345 	 1.26862e+06
1471000000 	 1774586.75778108 	 1.25306e+06
1472000000 	 1804101.24608871 	 1.23756e+06
1473000000 	 1760309.73439635 	 1.29651e+06
1474000000 	 1716518.22270398 	 1.35547e+06
1475000000 	 1672626.71101162 	 1.41443e+06
1476000000 	 1628835.19931924 	 1.47339e+06
1477000000 	 1585043.68762688 	 1.53234e+06
1478000000 	 1541152.17593451 	 1.5913e+06
1479000000 	 1552642.16424214 	 1.55104e+06
1480000000 	 1564132.15254977 	 1.51077e+06
1481000000 	 1576322.14085740 	 1.471e+06
1482000000 	 1592712.12916503 	 1.43406e+06
1483000000 	 1609202.11747266 	 1.3971e+06
1484000000 	 1626028.92983876 	 1.36065e+06
1485000000 	 1632004.89720686 	 1.33157e+06
1486000000 	 1637880.86457497 	 1.30248e+06
1487000000 	 1643756.83194308 	 1.27341e+06
1488000000 	 1649732.79931119 	 1.24432e+06
1489000000 	 1655608.76667930 	 1.21523e+06
1490000000 	 1660385.30387792 	 1.19638e+06
1491000000 	 1651266.96955111 	 1.28015e+06
1492000000 	 1642148.63522430 	 1.36392e+06
1493000000 	 1633030.30089750 	 1.44769e+06
1494000000 	 1623911.96657069 	 1.53147e+06
1495000000 	 1614793.63224388 	 1.61523e+06
1496000000 	 1598840.18458374 	 1.68447e+06
1497000000 	 1521370.71692361 	 1.62296e+06
1498000000 	 1443901.24926348 	 1.56146e+06
1499000000 	 1364031.78160333 	 1.49988e+06
1500000000 	 1280662.31394318 	 1.43821e+06
1501000000 	 1197292.84628305 	 1.37653e+06
1502000000 	 1131638.83528954 	 1.32479e+06
1503000000 	 1225423.93429608 	 1.36241e+06
1504000000 	 1319209.03330262 	 1.40004e+06
1505000000 	 1413094.13230913 	 1.43767e+06
1506000000 	 1506879.23131565 	 1.47529e+06
1507000000 	 1600664.33032218 	 1.51292e+06
1508000000 	 1681872.44932872 	 1.54975e+06
1509000000 	 1642387.74833525 	 1.55311e+06
1510000000 	 1603003.04734179 	 1.55648e+06
1511000000 	 1563518.34634831 	 1.55984e+06
1512000000 	 1524133.64535483 	 1.56321e+06
1513000000 	 1484748.94436136 	 1.56656e+06
1514000000 	 1451585.20003454 	 1.57105e+06
1515000000 	 1475410.06570774 	 1.58555e+06
1516000000 	 1499134.93138093 	 1.60004e+06
1517000000 	 1526459.79705412 	 1.61254e+06
1518000000 	 1555284.66272731 	 1.6241e+06
1519000000 	 1584109.52840051 	 1.63565e+06
1520000000 	 1611812.28051438 	 1.64806e+06
1521000000 	 1628416.01059436 	 1.66817e+06
1522000000 	 1645119.74067433 	 1.68829e+06
1523000000 	 1661723.47075430 	 1.7084e+06
1524000000 	 1678327.20083427 	 1.72851e+06
1525000000 	 1695030.93091425 	 1.74863e+06
1526000000 	 1701146.88811287 	 1.75919e+06
1527000000 	 1679017.41555639 	 1.74372e+06
1528000000 	 1656838.89893288 	 1.72827e+06
1529000000 	 1634660.38230937 	 1.71283e+06
1530000000 	 1612481.86568587 	 1.69739e+06
1531000000 	 1590303.34906236 	 1.68194e+06
1532000000 	 1574928.79910552 	 1.65523e+06
1533000000 	 1586270.11581534 	 1.58348e+06
1534000000 	 1597611.43252516 	 1.51173e+06
1535000000 	 1606352.74923499 	 1.44497e+06
1536000000 	 1614994.06594482 	 1.37847e+06
1537000000 	 1623535.38265464 	 1.31199e+06
1538000000 	 1641010.56603112 	 1.25885e+06
1539000000 	 1693721.21607429 	 1.25908e+06
1540000000 	 1746531.86611745 	 1.25931e+06
1541000000 	 1799342.51616061 	 1.25954e+06
1542000000 	 1852053.16620376 	 1.25978e+06
1543000000 	 1907490.20161835 	 1.2597e+06
1544000000 	 1956634.25851862 	 1.26771e+06
1545000000 	 1924284.23541889 	 1.31037e+06
1546000000 	 1891834.21231915 	 1.35302e+06
1547000000 	 1859384.18921941 	 1.39569e+06
1548000000 	 1826934.16611967 	 1.43834e+06
1549000000 	 1794584.14301994 	 1.48101e+06
1550000000 	 1774369.75992019 	 1.51178e+06
1551000000 	 1803097.93682045 	 1.49507e+06
1552000000 	 1831726.11372071 	 1.4771e+06
1553000000 	 1859954.29062098 	 1.45451e+06
1554000000 	 1888082.46752124 	 1.43193e+06
1555000000 	 1916310.64442151 	 1.40934e+06
1556000000 	 1932492.72561557 	 1.39504e+06
1557000000 	 1900990.42398475 	 1.41389e+06
1558000000 	 1869488.12235395 	 1.43273e+06
1559000000 	 1837885.82072313 	 1.45158e+06
1560000000 	 1806383.51909232 	 1.47043e+06
1561000000 	 1772981.21746151 	 1.48996e+06
1562000000 	 1756178.87939001 	 1.50192e+06
1563000000 	 1786043.12295694 	 1.49311e+06
1564000000 	 1815907.36652387 	 1.4843e+06
1565000000 	 1845771.61009080 	 1.47548e+06
1566000000 	 1875635.85365773 	 1.46667e+06
1567000000 	 1905500.09722466 	 1.45786e+06
1568000000 	 1933449.94079159 	 1.44475e+06
1569000000 	 1956932.85102519 	 1.42162e+06
1570000000 	 1982115.76125878 	 1.40057e+06
1571000000 	 2009098.67149238 	 1.38181e+06
1572000000 	 2036181.58172597 	 1.36305e+06
1573000000 	 2063164.49195957 	 1.34429e+06
1574000000 	 2084225.50219317 	 1.33451e+06
1575000000 	 2091135.41242677 	 1.34567e+06
1576000000 	 2098145.32266036 	 1.35685e+06
1577000000 	 2105055.23289396 	 1.36802e+06
1578000000 	 2112065.14312756 	 1.37919e+06
1579000000 	 2120975.05336115 	 1.38761e+06
1580000000 	 2130070.96359475 	 1.39098e+06
1581000000 	 2136467.54049501 	 1.38664e+06
1582000000 	 2142964.11739528 	 1.38231e+06
1583000000 	 2149460.69429554 	 1.37799e+06
1584000000 	 2155957.27119580 	 1.37365e+06
1585000000 	 2162354.81700750 	 1.36932e+06
1586000000 	 2165316.94392915 	 1.35698e+06
1587000000 	 2160009.41296730 	 1.32593e+06
1588000000 	 2150801.88200544 	 1.29372e+06
1589000000 	 2140294.35104359 	 1.26111e+06
1590000000 	 2129786.82008174 	 1.2285e+06
1591000000 	 2119179.28911988 	 1.1959e+06
1592000000 	 2127602.66324277 	 1.18439e+06
1593000000 	 2180198.14923007 	 1.22213e+06
1594000000 	 2232793.63521737 	 1.25987e+06
1595000000 	 2285289.12120467 	 1.2976e+06
1596000000 	 2337884.60719196 	 1.33533e+06
1597000000 	 2390480.09317927 	 1.37797e+06
1598000000 	 2421936.10572023 	 1.40347e+06
1599000000 	 2421932.90809171 	 1.40226e+06
1600000000 	 2421829.71046319 	 1.40105e+06
1601000000 	 2421726.51283467 	 1.39984e+06
1602000000 	 2421723.31520615 	 1.39863e+06
1603000000 	 2402376.86758189 	 1.39068e+06
1604000000 	 2382777.42474468 	 1.38101e+06
1605000000 	 2369873.88190747 	 1.37127e+06
1606000000 	 2362070.33907025 	 1.36e+06
1607000000 	 2354266.79623304 	 1.34873e+06
1608000000 	 2346563.25339583 	 1.33746e+06
1609000000 	 2338759.71055862 	 1.32619e+06
1610000000 	 2334284.83438807 	 1.31452e+06
1611000000 	 2334552.95821752 	 1.30225e+06
1612000000 	 2334821.08204698 	 1.28999e+06
1613000000 	 2335189.20587643 	 1.27772e+06
1614000000 	 2335057.32970589 	 1.2648e+06
1615000000 	 2332125.45353534 	 1.2479e+06
1616000000 	 2339499.37736479 	 1.23267e+06
1617000000 	 2362182.00119425 	 1.21992e+06
1618000000 	 2384764.62502370 	 1.20717e+06
1619000000 	 2407447.24885315 	 1.19443e+06
1620000000 	 2430129.87268261 	 1.18169e+06
1621000000 	 2452712.49651207 	 1.16895e+06
1622000000 	 2387070.45367486 	 1.18843e+06
1623000000 	 2187941.41083767 	 1.2574e+06
1624000000 	 1986112.36800044 	 1.32943e+06
1625000000 	 1784283.32516320 	 1.40144e+06
1626000000 	 1582454.28232601 	 1.47347e+06
1627000000 	 1380625.23948882 	 1.5455e+06
1628000000 	 1298449.05540864 	 1.55951e+06
1629000000 	 1395752.15946409 	 1.4865e+06
1630000000 	 1493055.26351952 	 1.4135e+06
1631000000 	 1590258.36757495 	 1.34049e+06
1632000000 	 1689661.47163041 	 1.26836e+06
1633000000 	 1792064.57568586 	 1.19751e+06
1634000000 	 1841947.18962830 	 1.15513e+06
1635000000 	 1839209.31345776 	 1.1412e+06
1636000000 	 1836571.43728721 	 1.12727e+06
1637000000 	 1833933.56111666 	 1.11334e+06
1638000000 	 1831295.68494612 	 1.09941e+06
1639000000 	 1828557.80877557 	 1.08548e+06
1640000000 	 1820881.84927169 	 1.07141e+06
1641000000 	 1808567.80643448 	 1.05419e+06
1642000000 	 1796553.76359727 	 1.03439e+06
1643000000 	 1784639.72076006 	 1.01458e+06
1644000000 	 1772625.67792284 	 994780
1645000000 	 1760587.26929347 	 975057
1646000000 	 1738862.03346932 	 962025
1647000000 	 1707632.88097850 	 955629
1648000000 	 1676503.72848768 	 949233
1649000000 	 1645274.57599686 	 942837
1650000000 	 1610445.42350604 	 937011
1651000000 	 1573916.27101523 	 931465
1652000000 	 1481307.70185775 	 932175
1653000000 	 1332819.71603358 	 939141
1654000000 	 1184231.73020944 	 946106
1655000000 	 1035743.74438531 	 953071
1656000000 	 887155.758561139 	 960037
1657000000 	 738567.772736971 	 967012
1658000000 	 714421.453579488 	 944447
1659000000 	 816516.801088658 	 896411
1660000000 	 919112.148597851 	 849365
1661000000 	 1021707.49610702 	 802318
1662000000 	 1129868.71161322 	 760886
1663000000 	 1243595.79511639 	 725066
1664000000 	 1320408.45771564 	 727427
1665000000 	 1360306.69941091 	 767969
1666000000 	 1400204.94110619 	 808511
1667000000 	 1440103.18280146 	 849052
1668000000 	 1483901.42449674 	 886224
1669000000 	 1527999.66619201 	 923165
1670000000 	 1541002.51297204 	 944224
1671000000 	 1533441.76314189 	 954684
1672000000 	 1525881.01331175 	 965154
1673000000 	 1518220.26348160 	 975624
1674000000 	 1510659.51365145 	 986095
1675000000 	 1502998.76382130 	 996565
1676000000 	 1486529.71399116 	 981864
1677000000 	 1460088.46416101 	 947908
1678000000 	 1433547.21433086 	 913943
1679000000 	 1407005.96450072 	 879987
1680000000 	 1380464.71467057 	 846022
1681000000 	 1354023.46484042 	 812067
1682000000 	 1312157.21501027 	 808369
1683000000 	 1260074.29851346 	 824861
1684000000 	 1207991.38201664 	 841353
1685000000 	 1155608.46551984 	 858924
1686000000 	 1102025.54902302 	 880786
1687000000 	 1048442.63252621 	 902648
1688000000 	 1046809.71602938 	 919763
1689000000 	 1079810.13286590 	 933698
1690000000 	 1112810.54970242 	 947643
1691000000 	 1145810.96653893 	 961578
1692000000 	 1178811.38337546 	 975513
1693000000 	 1211811.80021197 	 989458
1694000000 	 1251923.01704849 	 983999
1695000000 	 1299174.76721834 	 965548
1696000000 	 1346426.51738820 	 947106
1697000000 	 1393678.26755805 	 928664
1698000000 	 1440930.01772790 	 910213
1699000000 	 1488181.76789775 	 891771
1700000000 	 1498190.91806761 	 909029
1701000000 	 1483371.66823747 	 950076
1702000000 	 1468552.41840732 	 991132
1703000000 	 1452833.16857717 	 1.02972e+06
1704000000 	 1436367.78934327 	 1.06544e+06
1705000000 	 1419808.39573119 	 1.10116e+06
1706000000 	 1433717.15805129 	 1.09772e+06
1707000000 	 1467771.35765954 	 1.06818e+06
1708000000 	 1501925.55726779 	 1.03864e+06
1709000000 	 1535979.75687604 	 1.00911e+06
1710000000 	 1570133.95648429 	 979568
1711000000 	 1604188.15609254 	 950026
1712000000 	 1484994.47377990 	 859290
1713000000 	 1299337.41350117 	 742757
1714000000 	 1113680.35322239 	 626213
1715000000 	 928023.292943654 	 509680
1716000000 	 742366.232664877 	 393136
1717000000 	 556709.172386142 	 276603
1718000000 	 624772.962107336 	 336779
1719000000 	 801431.401828561 	 472688
1720000000 	 978089.841549823 	 608588
1721000000 	 1157973.91803782 	 746869
1722000000 	 1340143.85190231 	 884843
1723000000 	 1522313.78576676 	 1.02282e+06
1724000000 	 1555226.45296461 	 1.07144e+06
1725000000 	 1524171.72016242 	 1.08178e+06
1726000000 	 1493116.98736022 	 1.09211e+06
1727000000 	 1462062.25455804 	 1.10245e+06
1728000000 	 1431007.52175584 	 1.11279e+06
1729000000 	 1399952.78895365 	 1.12312e+06
1730000000 	 1386855.93948479 	 1.12053e+06
1731000000 	 1380941.04001593 	 1.11359e+06
1732000000 	 1375026.14054707 	 1.10665e+06
1733000000 	 1369111.24107821 	 1.09971e+06
1734000000 	 1363196.34160935 	 1.09276e+06
1735000000 	 1357281.44214050 	 1.08581e+06
1736000000 	 1326640.20933831 	 1.04759e+06
1737000000 	 1285401.97653612 	 995971
1738000000 	 1244163.74373392 	 944358
1739000000 	 1197625.51093174 	 892185
1740000000 	 1151087.27812954 	 840002
1741000000 	 1104449.04532735 	 787829
1742000000 	 1149533.95094322 	 800843
1743000000 	 1233885.91588113 	 841795
1744000000 	 1318137.88081906 	 882747
1745000000 	 1402489.84575698 	 923709
1746000000 	 1486841.81069491 	 964661
1747000000 	 1571293.77563282 	 1.00632e+06
1748000000 	 1578501.88904533 	 1.01761e+06
1749000000 	 1566299.03957648 	 1.02012e+06
1750000000 	 1553996.19010762 	 1.02264e+06
1751000000 	 1541793.34063876 	 1.02516e+06
1752000000 	 1529490.49116990 	 1.02767e+06
1753000000 	 1517287.64170104 	 1.03018e+06
1754000000 	 1495074.44556552 	 1.01411e+06
1755000000 	 1470483.66276333 	 993386
1756000000 	 1447092.87996114 	 972049
1757000000 	 1427202.09715894 	 949002
1758000000 	 1407411.31435675 	 925944
1759000000 	 1387620.53155456 	 902897
1760000000 	 1354123.78875237 	 910817
1761000000 	 1317325.55595018 	 926478
1762000000 	 1280424.77234602 	 942131
1763000000 	 1243613.78553406 	 957799
1764000000 	 1206802.79872209 	 973466
1765000000 	 1168391.81191011 	 987584
1766000000 	 1218661.75843146 	 1.00493e+06
1767000000 	 1291651.93828614 	 1.02366e+06
1768000000 	 1364642.11814083 	 1.04239e+06
1769000000 	 1437632.29799553 	 1.06113e+06
1770000000 	 1510622.47785023 	 1.07986e+06
1771000000 	 1583612.65770492 	 1.09859e+06
1772000000 	 1566758.30422630 	 1.08981e+06
1773000000 	 1527567.81741432 	 1.07414e+06
1774000000 	 1486877.33060234 	 1.06093e+06
1775000000 	 1444886.84379037 	 1.0499e+06
1776000000 	 1402796.35697840 	 1.03888e+06
1777000000 	 1360805.87016642 	 1.02785e+06
1778000000 	 1380959.48052960 	 1.02386e+06
1779000000 	 1416779.80604954 	 1.02163e+06
1780000000 	 1452502.57051077 	 1.01941e+06
1781000000 	 1493548.75583607 	 1.01919e+06
1782000000 	 1535779.80448828 	 1.01943e+06
1783000000 	 1581510.85314050 	 1.02048e+06
1784000000 	 1557049.64247068 	 1.03703e+06
1785000000 	 1524700.40298730 	 1.05525e+06
1786000000 	 1492251.16350392 	 1.07349e+06
1787000000 	 1459801.92402054 	 1.09172e+06
1788000000 	 1427352.68453717 	 1.10995e+06
1789000000 	 1394903.44505378 	 1.12818e+06
1790000000 	 1441072.90557040 	 1.13038e+06
1791000000 	 1495866.66608703 	 1.1308e+06
1792000000 	 1550460.42660364 	 1.12689e+06
1793000000 	 1605054.18712027 	 1.12185e+06
1794000000 	 1659647.94763689 	 1.11682e+06
1795000000 	 1714241.70815351 	 1.11178e+06
1796000000 	 1699464.21867014 	 1.13007e+06
1797000000 	 1676978.81252009 	 1.15094e+06
1798000000 	 1654493.40637004 	 1.17181e+06
1799000000 	 1632008.00022000 	 1.19268e+06
1800000000 	 1609522.59406995 	 1.21356e+06
1801000000 	 1582337.18791991 	 1.23599e+06
1802000000 	 1587046.13176986 	 1.24522e+06
1803000000 	 1595332.22561981 	 1.25296e+06
1804000000 	 1603618.31946977 	 1.2607e+06
1805000000 	 1611804.41331972 	 1.26845e+06
1806000000 	 1620090.50716968 	 1.27619e+06
1807000000 	 1628376.60101963 	 1.28394e+06
1808000000 	 1640811.39486959 	 1.27407e+06
1809000000 	 1653807.15538621 	 1.2625e+06
1810000000 	 1669902.91590283 	 1.25505e+06
1811000000 	 1685998.67641945 	 1.24759e+06
1812000000 	 1701994.43693607 	 1.24013e+06
1813000000 	 1718090.19745269 	 1.23267e+06
1814000000 	 1764477.70034219 	 1.26782e+06
1815000000 	 1814130.95238424 	 1.3077e+06
1816000000 	 1863884.20442628 	 1.34757e+06
1817000000 	 1913637.45646833 	 1.38745e+06
1818000000 	 1963990.70851037 	 1.42653e+06
1819000000 	 2017043.96055242 	 1.46227e+06
1820000000 	 1967272.05440238 	 1.3964e+06
1821000000 	 1917448.79806748 	 1.3307e+06
1822000000 	 1867798.51645533 	 1.26527e+06
1823000000 	 1818048.23484317 	 1.19983e+06
1824000000 	 1768397.95323102 	 1.13438e+06
1825000000 	 1718647.67161886 	 1.06895e+06
1826000000 	 1703058.72334004 	 1.09046e+06
1827000000 	 1685769.77506122 	 1.11136e+06
1828000000 	 1665180.82678240 	 1.13099e+06
1829000000 	 1644691.87850357 	 1.15063e+06
1830000000 	 1624102.93022475 	 1.17027e+06
1831000000 	 1603513.98194593 	 1.18989e+06
1832000000 	 1621442.70033377 	 1.20327e+06
1833000000 	 1639371.41872162 	 1.21664e+06
1834000000 	 1657300.13710946 	 1.23e+06
1835000000 	 1675228.85549731 	 1.24337e+06
1836000000 	 1692957.57388515 	 1.2592e+06
1837000000 	 1710386.29227300 	 1.27797e+06
1838000000 	 1771755.01066084 	 1.3032e+06
1839000000 	 1833023.72904869 	 1.32843e+06
1840000000 	 1888443.29977668 	 1.35182e+06
1841000000 	 1934935.13363628 	 1.37216e+06
1842000000 	 1981426.96749587 	 1.3925e+06
1843000000 	 2027918.80135547 	 1.41285e+06
1844000000 	 1977715.96854840 	 1.41942e+06
1845000000 	 1930513.13574132 	 1.4254e+06
1846000000 	 1885410.30293425 	 1.43099e+06
1847000000 	 1840307.47012717 	 1.43656e+06
1848000000 	 1795304.63732011 	 1.44214e+06
1849000000 	 1750201.80451303 	 1.44773e+06
1850000000 	 1799457.25419183 	 1.38112e+06
1851000000 	 1848712.70387064 	 1.3145e+06
1852000000 	 1898068.15354943 	 1.2479e+06
1853000000 	 1947323.60322824 	 1.18129e+06
1854000000 	 1994779.05290704 	 1.11127e+06
1855000000 	 2030988.17433726 	 1.04988e+06
1856000000 	 1973280.34153020 	 1.07798e+06
1857000000 	 1915572.50872312 	 1.10607e+06
1858000000 	 1857764.67591605 	 1.13417e+06
1859000000 	 1800056.84310897 	 1.16227e+06
1860000000 	 1742249.01030191 	 1.19038e+06
1861000000 	 1689508.74416149 	 1.21495e+06
1862000000 	 1681476.57802109 	 1.20787e+06
1863000000 	 1670144.41188068 	 1.2039e+06
1864000000 	 1658212.24574028 	 1.20044e+06
1865000000 	 1646280.07959987 	 1.19699e+06
1866000000 	 1634347.91345946 	 1.19354e+06
1867000000 	 1621892.04731906 	 1.18954e+06
1868000000 	 1604722.88117865 	 1.18056e+06
1869000000 	 1587553.71503825 	 1.17159e+06
1870000000 	 1570384.54889784 	 1.16262e+06
1871000000 	 1553215.38275743 	 1.15365e+06
1872000000 	 1540646.21661703 	 1.14716e+06
1873000000 	 1531383.78380995 	 1.14494e+06
1874000000 	 1550881.95100288 	 1.18075e+06
1875000000 	 1570380.11819581 	 1.21658e+06
1876000000 	 1589978.28538874 	 1.2524e+06
1877000000 	 1609476.45258166 	 1.28823e+06
1878000000 	 1629074.61977459 	 1.32405e+06
1879000000 	 1645167.42030085 	 1.35291e+06
1880000000 	 1630612.61639781 	 1.31717e+06
1881000000 	 1617072.39631079 	 1.27625e+06
1882000000 	 1603532.17622376 	 1.23533e+06
1883000000 	 1589991.95613673 	 1.19442e+06
1884000000 	 1576451.73604971 	 1.1535e+06
1885000000 	 1562012.83121691 	 1.117e+06
1886000000 	 1539485.76367226 	 1.12022e+06
1887000000 	 1516958.69612761 	 1.12345e+06
1888000000 	 1494331.62858295 	 1.12668e+06
1889000000 	 1470504.56103830 	 1.13e+06
1890000000 	 1442777.49349365 	 1.13356e+06
1891000000 	 1418682.37877385 	 1.13169e+06
1892000000 	 1409115.07535349 	 1.10807e+06
1893000000 	 1399547.77193313 	 1.08444e+06
1894000000 	 1389980.46851277 	 1.06082e+06
1895000000 	 1380413.16509241 	 1.0372e+06
1896000000 	 1370845.86167205 	 1.01358e+06
1897000000 	 1357752.75825168 	 1.00167e+06
1898000000 	 1331356.45483133 	 1.03861e+06
1899000000 	 1302856.53252395 	 1.07089e+06
1900000000 	 1265883.39942400 	 1.07407e+06
