0 0 1.40259e+07
1000000 7344570.12132034 1.40259e+07
2000000 5223734.28734524 1.17603e+07
3000000 4264014.40669449 1.07289e+07
4000000 3670055.99308012 1.0085e+07
5000000 3257582.54910644 9.63386e+06
6000000 2949320.48476080 9.29492e+06
7000000 2699376.49471975 9.0211e+06
8000000 2495696.93816075 8.79883e+06
9000000 2325656.75754750 8.61463e+06
10000000 2180427.34590728 8.45883e+06
11000000 2059850.85903672 8.32956e+06
12000000 1958554.36883308 8.21961e+06
13000000 1874420.35556234 8.12516e+06
14000000 1807780.04431075 8.04485e+06
15000000 1762234.81158848 7.98071e+06
16000000 1731002.37585816 7.92469e+06
17000000 1719971.09098585 7.88194e+06
18000000 1722750.91081497 7.84504e+06
19000000 1744103.36731265 7.81833e+06
20000000 1776574.98090736 7.79462e+06
21000000 1825525.65077511 7.77977e+06
22000000 1882991.58671036 7.76608e+06
23000000 1951542.40249915 7.75659e+06
24000000 2028683.28939174 7.74917e+06
25000000 2110986.52629066 7.74072e+06
26000000 2201825.89939658 7.73512e+06
27000000 2296212.24172407 7.72773e+06
28000000 2392668.73540775 7.71714e+06
29000000 2494181.95974482 7.70589e+06
30000000 2597531.28154077 7.69025e+06
31000000 2701418.02269678 7.66842e+06
32000000 2806692.99648356 7.64078e+06
33000000 2913731.77088915 7.60725e+06
34000000 3019938.07170400 7.56487e+06
35000000 3124975.81297207 7.51303e+06
36000000 3230085.37567612 7.45271e+06
37000000 3334469.41469258 7.38368e+06
38000000 3435673.66600506 7.30483e+06
39000000 3532706.77883425 7.21649e+06
40000000 3625010.44941129 7.11956e+06
41000000 3712795.46941783 7.01627e+06
42000000 3792625.45313223 6.90514e+06
43000000 3863416.04077518 6.78672e+06
44000000 3924082.45110170 6.66157e+06
45000000 3974255.10532089 6.53096e+06
46000000 4014136.32954334 6.39659e+06
47000000 4042047.29226409 6.25814e+06
48000000 4057749.62502099 6.11677e+06
49000000 4061200.02051588 5.97367e+06
50000000 4052896.01161201 5.83008e+06
51000000 4034928.26903293 5.68886e+06
52000000 4006379.99460123 5.54966e+06
53000000 3967502.64201393 5.41334e+06
54000000 3918763.07804896 5.28098e+06
55000000 3861213.34863250 5.15314e+06
56000000 3796054.70350444 5.03024e+06
57000000 3725658.88456259 4.91391e+06
58000000 3650295.59701692 4.8038e+06
59000000 3570508.64698854 4.70015e+06
60000000 3487137.18904918 4.60355e+06
61000000 3400991.52229971 4.51464e+06
62000000 3312881.83873082 4.43406e+06
63000000 3223604.29164631 4.36241e+06
64000000 3134794.65840032 4.30084e+06
65000000 3045860.35028529 4.24817e+06
66000000 2957125.77294264 4.20417e+06
6.7e+07 2869212.57783354 4.16849e+06
68000000 2782895.90642232 4.14051e+06
69000000 2698982.71458192 4.11964e+06
70000000 2618317.17280109 4.10535e+06
71000000 2541965.93436440 4.09731e+06
72000000 2471375.46221772 4.09562e+06
73000000 2405940.59529961 4.099e+06
74000000 2345915.12236479 4.10703e+06
75000000 2291553.76881871 4.11928e+06
76000000 2242830.85287308 4.13513e+06
77000000 2199578.29553992 4.15387e+06
78000000 2161638.31407795 4.17473e+06
79000000 2128860.29996459 4.1969e+06
80000000 2101610.39615141 4.22009e+06
81000000 2079627.04670040 4.24341e+06
82000000 2062425.35568145 4.26605e+06
83000000 2049915.09485857 4.28755e+06
84000000 2042006.25262394 4.30749e+06
85000000 2038316.60674218 4.32569e+06
86000000 2038387.67502675 4.34201e+06
87000000 2041680.15938412 4.35634e+06
88000000 2047623.73214957 4.36855e+06
89000000 2055648.06875997 4.3785e+06
90000000 2065923.40374441 4.38674e+06
91000000 2077514.74971014 4.39247e+06
92000000 2089965.11966555 4.39537e+06
93000000 2102914.48809821 4.39522e+06
94000000 2116164.63972363 4.39215e+06
95000000 2129529.82387932 4.38632e+06
96000000 2142821.49689818 4.37798e+06
97000000 2155850.86179716 4.36742e+06
98000000 2168427.63925504 4.35487e+06
99000000 2180299.27823495 4.34054e+06
100000000 2191138.78377670 4.32461e+06
101000000 2201265.39037177 4.30789e+06
102000000 2209724.51419279 4.28988e+06
103000000 2216484.85945982 4.27072e+06
104000000 2221512.55524954 4.25045e+06
105000000 2224864.70008327 4.22919e+06
106000000 2226599.33135423 4.20702e+06
107000000 2226774.48693498 4.18403e+06
108000000 2225428.32246119 4.16044e+06
109000000 2222585.13530688 4.13657e+06
110000000 2218266.99783454 4.11265e+06
111000000 2212491.51504648 4.08895e+06
112000000 2205251.88612785 4.06555e+06
113000000 2196973.49672875 4.04299e+06
114000000 2187309.53746893 4.02099e+06
115000000 2176127.97985876 3.99948e+06
116000000 2163403.68303726 3.97847e+06
117000000 2149276.46603073 3.95798e+06
118000000 2133948.13709271 3.93808e+06
119000000 2117613.62977078 3.91881e+06
120000000 2100434.04516243 3.90027e+06
121000000 2082522.26117967 3.88254e+06
122000000 2063960.55863368 3.86569e+06
123000000 2044799.34423601 3.84983e+06
124000000 2025089.02433203 3.8351e+06
125000000 2004880.00487907 3.82161e+06
126000000 1984279.92709522 3.80939e+06
127000000 1963707.67274863 3.79873e+06
128000000 1942808.69096844 3.78909e+06
129000000 1921672.23835887 3.78038e+06
130000000 1900424.79363874 3.77258e+06
131000000 1879211.57205473 3.76566e+06
132000000 1858209.97652244 3.75966e+06
133000000 1837596.83688208 3.75458e+06
1.34e+08 1817542.39785052 3.75038e+06
135000000 1798042.74435570 3.74705e+06
136000000 1779092.08419985 3.7446e+06
137000000 1760684.62465985 3.74303e+06
138000000 1742828.79047487 3.74234e+06
139000000 1725538.59272425 3.74247e+06
140000000 1708830.81765530 3.74322e+06
141000000 1692739.65491212 3.74445e+06
142000000 1677586.95280230 3.7463e+06
143000000 1663221.08111978 3.74847e+06
144000000 1649616.97119699 3.75091e+06
145000000 1636844.91085234 3.75365e+06
146000000 1624963.18260270 3.75659e+06
147000000 1613957.35157528 3.7597e+06
148000000 1603781.94950396 3.76296e+06
149000000 1594359.00076011 3.76637e+06
150000000 1585603.29394480 3.76999e+06
151000000 1577423.97797516 3.77386e+06
152000000 1569734.94246819 3.77779e+06
153000000 1562533.58636443 3.78167e+06
154000000 1555817.30808370 3.78542e+06
155000000 1549583.50552807 3.78895e+06
156000000 1543843.21960382 3.79241e+06
157000000 1538596.59799844 3.79587e+06
158000000 1533819.07853783 3.79918e+06
159000000 1529676.25510997 3.80255e+06
160000000 1526161.08816472 3.80604e+06
161000000 1523077.22479782 3.80952e+06
162000000 1520359.55633169 3.81324e+06
163000000 1517919.92075519 3.81727e+06
164000000 1515621.16827895 3.82125e+06
165000000 1513455.86104274 3.82519e+06
166000000 1511417.49900854 3.82906e+06
167000000 1509537.19517154 3.83284e+06
168000000 1507915.83699953 3.83694e+06
169000000 1506599.44312709 3.84141e+06
170000000 1505520.89311697 3.84574e+06
171000000 1504669.25273182 3.84999e+06
172000000 1504033.58727279 3.85423e+06
173000000 1503600.94928410 3.85853e+06
174000000 1503506.42763712 3.86378e+06
175000000 1503742.02170517 3.87008e+06
176000000 1504070.54307176 3.87641e+06
177000000 1504437.84084808 3.88271e+06
178000000 1504837.09106782 3.88901e+06
179000000 1505453.99484321 3.89549e+06
180000000 1506637.47052440 3.9041e+06
181000000 1508454.61277010 3.91493e+06
182000000 1510392.87042106 3.92563e+06
183000000 1512451.53500464 3.93622e+06
184000000 1514625.66505985 3.94671e+06
185000000 1516891.47046555 3.95715e+06
186000000 1528783.39374906 3.97797e+06
187000000 1549902.81125591 4.0088e+06
188000000 1571032.90282486 4.03964e+06
189000000 1592137.61839930 4.07046e+06
190000000 1613180.90749388 4.1012e+06
191000000 1634145.45620376 4.13183e+06
192000000 1734247.99930855 4.1945e+06
193000000 1907419.76668172 4.28672e+06
194000000 2080597.91611563 4.37881e+06
195000000 2253831.39347433 4.47077e+06
196000000 2427169.14419413 4.5626e+06
197000000 2600584.88626256 4.65434e+06
198000000 2623658.94461130 4.51529e+06
199000000 2518637.83410483 4.17969e+06
200000000 2413716.45448763 3.84418e+06
201000000 2308896.57186468 3.50877e+06
202000000 2204048.32656027 3.17331e+06
203000000 2099164.55962544 2.83775e+06
204000000 2011545.01644048 2.76132e+06
205000000 1938038.52319635 2.89684e+06
206000000 1864530.85778626 3.03218e+06
207000000 1791067.99247137 3.16736e+06
208000000 1717695.89907274 3.3024e+06
209000000 1644428.04214031 3.4373e+06
210000000 1604486.80365278 3.5033e+06
211000000 1589687.82790511 3.5173e+06
212000000 1574928.00236042 3.53122e+06
213000000 1560169.59714187 3.54507e+06
214000000 1545383.34702685 3.55887e+06
215000000 1530577.68279090 3.57257e+06
216000000 1525495.40020068 3.58226e+06
217000000 1527175.12270558 3.58908e+06
218000000 1528865.53482703 3.5957e+06
219000000 1530581.19459973 3.60214e+06
220000000 1532347.77253270 3.60841e+06
221000000 1534195.39115617 3.61454e+06
222000000 1535365.24592555 3.61875e+06
223000000 1536127.26974390 3.62166e+06
224000000 1536988.97976026 3.62454e+06
225000000 1538051.19825900 3.62753e+06
226000000 1539101.99925875 3.63048e+06
227000000 1540135.81608744 3.63337e+06
228000000 1541468.17137634 3.63468e+06
229000000 1542992.96680831 3.63496e+06
230000000 1544535.81962022 3.63512e+06
231000000 1546117.08701216 3.63513e+06
232000000 1547754.31168724 3.63499e+06
233000000 1549461.57784058 3.63474e+06
234000000 1551340.70924905 3.63378e+06
235000000 1553366.02457719 3.63244e+06
236000000 1555475.41084514 3.63109e+06
237000000 1557656.68923987 3.62973e+06
238000000 1559866.93281296 3.62837e+06
239000000 1562066.69359902 3.62699e+06
240000000 1564144.33246946 3.62521e+06
241000000 1566131.94370187 3.62318e+06
242000000 1568095.58113337 3.62108e+06
243000000 1570062.31685857 3.61889e+06
244000000 1572054.98986602 3.6166e+06
245000000 1574077.59036137 3.61421e+06
246000000 1576278.52593768 3.61146e+06
247000000 1578578.63918745 3.60852e+06
248000000 1580900.94320652 3.60558e+06
249000000 1583240.09583810 3.60267e+06
250000000 1585568.52846535 3.59979e+06
251000000 1587849.76690832 3.59691e+06
252000000 1590115.08596198 3.59396e+06
253000000 1592273.63794379 3.59092e+06
254000000 1594323.80171733 3.58784e+06
255000000 1596272.29483326 3.58471e+06
256000000 1598146.05448716 3.58151e+06
257000000 1599972.01727861 3.57823e+06
258000000 1601804.01918665 3.5748e+06
259000000 1603615.40823924 3.57128e+06
260000000 1605376.44962687 3.56773e+06
261000000 1607068.93649544 3.56419e+06
262000000 1608676.06837596 3.56067e+06
263000000 1610182.77318598 3.55717e+06
264000000 1611475.26204585 3.55357e+06
265000000 1612585.62453346 3.5499e+06
266000000 1613524.90928986 3.54618e+06
2.67e+08 1614267.34377789 3.54237e+06
2.68e+08 1614842.48189341 3.53848e+06
269000000 1615281.05042674 3.5345e+06
270000000 1615920.50884120 3.53053e+06
271000000 1616578.58937223 3.52652e+06
272000000 1617138.66264165 3.52245e+06
273000000 1617584.60650384 3.51832e+06
274000000 1617887.85379806 3.51417e+06
275000000 1618019.83673601 3.51001e+06
276000000 1617683.15761251 3.50607e+06
277000000 1617048.51879149 3.50217e+06
278000000 1616196.31640713 3.49823e+06
279000000 1615116.64036423 3.49422e+06
280000000 1613810.69288386 3.49011e+06
281000000 1612284.12805408 3.48592e+06
282000000 1612507.77332851 3.477e+06
283000000 1613241.09162270 3.46676e+06
284000000 1613813.92642633 3.45647e+06
285000000 1614235.18026366 3.44618e+06
286000000 1614473.31456446 3.43589e+06
287000000 1614496.79014193 3.42564e+06
288000000 1611097.71403411 3.42256e+06
289000000 1606544.11248597 3.42154e+06
290000000 1601722.90947924 3.42059e+06
291000000 1596638.54065047 3.4197e+06
292000000 1591299.33175177 3.41885e+06
293000000 1585713.60793714 3.41803e+06
294000000 1580844.14570693 3.41431e+06
295000000 1576010.61427008 3.40995e+06
296000000 1571006.40127921 3.40569e+06
297000000 1565858.97629091 3.4016e+06
298000000 1560567.65566260 3.39771e+06
299000000 1555138.89429113 3.39402e+06
300000000 1549886.08374785 3.39087e+06
301000000 1544535.60713883 3.38804e+06
302000000 1538998.25644391 3.38548e+06
303000000 1533282.86619237 3.38318e+06
304000000 1527423.15915046 3.38115e+06
305000000 1521452.85755277 3.37936e+06
306000000 1515048.08321298 3.37508e+06
307000000 1508516.75379069 3.37049e+06
308000000 1501956.53110172 3.36618e+06
309000000 1495397.79288900 3.36217e+06
310000000 1488870.91640394 3.35851e+06
311000000 1482406.27841540 3.35524e+06
312000000 1477359.71242009 3.35592e+06
313000000 1472620.07385569 3.35761e+06
314000000 1467947.45061364 3.35968e+06
315000000 1463346.08328028 3.36213e+06
316000000 1458840.43224648 3.36494e+06
317000000 1454547.90545500 3.36819e+06
318000000 1449226.38025003 3.37127e+06
319000000 1443922.84672668 3.37457e+06
320000000 1438883.67488908 3.37817e+06
321000000 1434128.82541473 3.38206e+06
322000000 1429670.47718155 3.38625e+06
323000000 1425520.80871523 3.39077e+06
324000000 1423427.24372308 3.3908e+06
325000000 1421889.15639040 3.39049e+06
326000000 1420666.40132996 3.39045e+06
327000000 1419745.89699950 3.39065e+06
328000000 1419114.56157077 3.39105e+06
329000000 1418759.31294368 3.39162e+06
330000000 1416242.42730653 3.39926e+06
331000000 1413772.96154126 3.40779e+06
332000000 1411647.99885357 3.41639e+06
333000000 1409878.54172937 3.42507e+06
334000000 1408463.14806858 3.43379e+06
335000000 1407395.21387472 3.44257e+06
336000000 1407899.95888764 3.44839e+06
337000000 1408848.20692242 3.45396e+06
338000000 1410103.77169625 3.4596e+06
339000000 1411641.45782929 3.46527e+06
340000000 1413436.06983920 3.47093e+06
341000000 1415462.41215780 3.47653e+06
342000000 1419319.77142735 3.48219e+06
343000000 1423506.78853850 3.48777e+06
344000000 1427905.26448569 3.49324e+06
345000000 1432527.60712597 3.4986e+06
346000000 1437386.22431572 3.50382e+06
347000000 1442485.80267170 3.50891e+06
348000000 1443496.48985769 3.51385e+06
349000000 1444457.50001279 3.51867e+06
350000000 1445562.80061061 3.52339e+06
351000000 1446793.57496916 3.52801e+06
352000000 1448134.89722917 3.53252e+06
353000000 1449571.93688391 3.5369e+06
354000000 1453775.17796428 3.54103e+06
355000000 1458176.20262353 3.54499e+06
356000000 1462718.74371107 3.54883e+06
357000000 1467328.44697038 3.55252e+06
358000000 1472030.28565737 3.55603e+06
359000000 1476839.52125158 3.55938e+06
360000000 1481628.99840889 3.56259e+06
361000000 1486517.90111918 3.56565e+06
362000000 1491489.02757637 3.56857e+06
363000000 1496519.44609862 3.57138e+06
364000000 1501586.22532426 3.57407e+06
365000000 1506676.75765691 3.57664e+06
366000000 1512032.33020823 3.57883e+06
367000000 1517412.90372523 3.58086e+06
368000000 1522819.34437559 3.58271e+06
369000000 1528258.26473180 3.58437e+06
370000000 1533736.27779059 3.58586e+06
371000000 1539267.36794731 3.58718e+06
372000000 1544538.22847494 3.58858e+06
373000000 1549900.96079324 3.58984e+06
374000000 1555348.99364567 3.59098e+06
375000000 1560857.50807290 3.59201e+06
376000000 1566401.68563807 3.59293e+06
377000000 1571965.13740783 3.59374e+06
378000000 1577688.50303725 3.59417e+06
379000000 1583422.91908884 3.59448e+06
380000000 1589179.16003683 3.59466e+06
381000000 1594968.00095372 3.59469e+06
382000000 1600800.21752466 3.59455e+06
383000000 1606692.90103793 3.59425e+06
384000000 1612824.99234658 3.59403e+06
385000000 1619028.70872935 3.59369e+06
386000000 1625308.86843878 3.59327e+06
387000000 1631660.17997002 3.59277e+06
388000000 1638073.20435058 3.59218e+06
389000000 1644540.10394783 3.59142e+06
390000000 1651260.37294903 3.58909e+06
391000000 1657973.33235604 3.58667e+06
392000000 1664688.37239177 3.58416e+06
393000000 1671421.23000359 3.58155e+06
394000000 1678187.64289847 3.57881e+06
395000000 1685016.05427212 3.57606e+06
396000000 1692098.02371986 3.57436e+06
397000000 1699230.71784212 3.57256e+06
398000000 1706414.46786354 3.57069e+06
399000000 1713722.56312103 3.56883e+06
400000000 1721091.13660274 3.56694e+06
401000000 1728557.98518511 3.5648e+06
402000000 1736718.24075487 3.56037e+06
403000000 1744865.34580502 3.55589e+06
404000000 1752989.58801642 3.55134e+06
405000000 1761090.38002080 3.54672e+06
406000000 1769175.98427595 3.54203e+06
407000000 1778394.36341046 3.53562e+06
408000000 1796781.26017785 3.51597e+06
409000000 1815201.67710051 3.49623e+06
410000000 1833646.20017511 3.47641e+06
411000000 1852105.41626985 3.45654e+06
412000000 1870568.97253718 3.43665e+06
413000000 1885066.02363435 3.42705e+06
414000000 1873030.45830377 3.48654e+06
415000000 1860969.10428474 3.54599e+06
416000000 1848856.50855076 3.6054e+06
417000000 1836680.32621981 3.66476e+06
418000000 1824437.53601745 3.72404e+06
419000000 1814698.35942616 3.7703e+06
420000000 1820602.09104830 3.73705e+06
421000000 1826496.41578146 3.70372e+06
422000000 1832384.20425607 3.67032e+06
423000000 1838265.15499067 3.63684e+06
424000000 1844128.18860783 3.6033e+06
425000000 1850337.89594900 3.57432e+06
426000000 1858490.57382562 3.56954e+06
427000000 1866584.81566937 3.56474e+06
428000000 1874613.49354759 3.55988e+06
429000000 1882569.48038323 3.55495e+06
430000000 1890445.64995013 3.54993e+06
431000000 1898248.61307539 3.54526e+06
432000000 1905993.93828851 3.54262e+06
433000000 1913683.70325137 3.53988e+06
434000000 1921336.02503515 3.53705e+06
435000000 1928969.02153339 3.53413e+06
436000000 1936583.11350573 3.53114e+06
437000000 1945613.65349026 3.53078e+06
438000000 1960783.61807049 3.54192e+06
439000000 1975884.07306448 3.553e+06
440000000 1990910.97755237 3.56403e+06
441000000 2005860.44068524 3.57501e+06
442000000 2020733.40451825 3.5859e+06
443000000 2029929.22757373 3.58676e+06
444000000 2017977.81108497 3.5501e+06
445000000 2005962.48332539 3.51332e+06
446000000 1993899.62694053 3.47643e+06
447000000 1981827.38509357 3.43947e+06
448000000 1969783.24543322 3.40248e+06
449000000 1962330.93066962 3.37345e+06
450000000 1971206.13072004 3.37285e+06
451000000 1980038.50634939 3.37218e+06
452000000 1988809.59481637 3.37144e+06
453000000 1997500.93404076 3.37066e+06
454000000 2006115.62013067 3.36981e+06
455000000 2014201.38350748 3.36745e+06
456000000 2020766.95522029 3.36051e+06
457000000 2027283.73467557 3.35345e+06
458000000 2033757.82173365 3.34629e+06
459000000 2040196.37769240 3.33904e+06
460000000 2046609.09662431 3.3317e+06
461000000 2053759.19697965 3.3217e+06
462000000 2063047.49483504 3.30422e+06
463000000 2072313.65473716 3.2867e+06
464000000 2081539.08179626 3.26914e+06
465000000 2090705.18164499 3.25154e+06
466000000 2099802.20940111 3.2339e+06
467000000 2102402.51634188 3.2335e+06
468000000 2087561.46568566 3.27977e+06
469000000 2072667.26245258 3.32598e+06
470000000 2057731.72170983 3.37212e+06
471000000 2042765.60100788 3.41818e+06
472000000 2027772.40427081 3.46418e+06
473000000 2020792.45648086 3.48804e+06
474000000 2033469.40255205 3.4578e+06
475000000 2046113.61113739 3.42757e+06
476000000 2058709.71285281 3.39736e+06
477000000 2071262.09036219 3.36715e+06
478000000 2083752.53002646 3.33694e+06
479000000 2093961.74676333 3.31213e+06
480000000 2098942.33673390 3.29995e+06
481000000 2103846.18448148 3.28775e+06
482000000 2108689.34067458 3.27552e+06
483000000 2113487.85628956 3.26326e+06
484000000 2118247.00383009 3.25098e+06
485000000 2122640.49844524 3.24131e+06
486000000 2126295.64151547 3.23725e+06
487000000 2129904.13421612 3.23321e+06
488000000 2133460.16626876 3.22919e+06
489000000 2136955.80594774 3.22522e+06
490000000 2140378.05737217 3.22128e+06
491000000 2143543.88653382 3.21561e+06
492000000 2146280.26188952 3.20657e+06
493000000 2148916.95588314 3.19753e+06
494000000 2151455.11903618 3.18848e+06
495000000 2153907.84043188 3.17943e+06
496000000 2156290.72733778 3.17037e+06
497000000 2158220.78953161 3.16066e+06
498000000 2159360.86690659 3.14973e+06
499000000 2160440.84936632 3.13881e+06
500000000 2161450.37416862 3.12793e+06
501000000 2162379.22798615 3.11709e+06
502000000 2163269.07036331 3.10635e+06
503000000 2165007.70925654 3.09887e+06
504000000 2168230.07143435 3.0969e+06
505000000 2171346.26924406 3.09493e+06
506000000 2174348.89504410 3.09296e+06
507000000 2177244.71982349 3.09099e+06
508000000 2180051.63099090 3.089e+06
509000000 2178488.56979414 3.08009e+06
510000000 2170145.59140918 3.06033e+06
511000000 2161747.44470027 3.04059e+06
512000000 2153293.63860859 3.02086e+06
513000000 2144771.23927924 3.00116e+06
514000000 2136167.31287417 2.98149e+06
515000000 2135774.12792599 2.97519e+06
516000000 2147742.11967465 2.98892e+06
517000000 2159616.08478899 3.00267e+06
518000000 2171398.62346901 3.01642e+06
519000000 2183093.39674291 3.03016e+06
520000000 2194706.59780955 3.04388e+06
521000000 2200039.98547699 3.04651e+06
522000000 2196744.73687827 3.03385e+06
523000000 2193407.34817052 3.0212e+06
524000000 2190043.38971339 3.00856e+06
525000000 2186644.55505011 2.99595e+06
526000000 2183197.50163745 2.98336e+06
527000000 2174127.15239111 2.96761e+06
528000000 2157908.88424301 2.94784e+06
529000000 2141619.59612832 2.92811e+06
530000000 2125261.60720773 2.9084e+06
531000000 2108844.49741467 2.88869e+06
532000000 2092376.23964944 2.86898e+06
533000000 2096577.19509769 2.86173e+06
5.34e+08 2126061.97490391 2.86971e+06
5.35e+08 2155510.39948537 2.87773e+06
5.36e+08 2184951.11537154 2.88578e+06
537000000 2214389.50411010 2.89386e+06
538000000 2243824.94440629 2.90198e+06
539000000 2248941.97644526 2.90669e+06
540000000 2226623.47782595 2.90757e+06
541000000 2204267.03767940 2.90849e+06
542000000 2181861.21869723 2.90945e+06
543000000 2159419.46908842 2.91043e+06
544000000 2136955.23693655 2.91144e+06
545000000 2132004.53109384 2.88721e+06
546000000 2146035.62885062 2.83563e+06
547000000 2160071.43657399 2.78406e+06
548000000 2174117.35740275 2.73252e+06
549000000 2188178.62551450 2.68101e+06
550000000 2202260.47494638 2.62955e+06
551000000 2206854.29460615 2.65505e+06
552000000 2201946.56362940 2.7575e+06
553000000 2197033.40983456 2.86001e+06
554000000 2192101.31206209 2.96256e+06
555000000 2187148.68738515 3.06516e+06
556000000 2182176.47074035 3.1678e+06
557000000 2172822.64118742 3.20231e+06
558000000 2159437.68406582 3.17392e+06
559000000 2146072.22488345 3.14555e+06
560000000 2132734.43456531 3.11721e+06
561000000 2119421.76041745 3.08891e+06
562000000 2106131.64958498 3.06066e+06
563000000 2108034.98482682 3.03767e+06
564000000 2123397.69727623 3.01935e+06
565000000 2138771.34384821 3.00111e+06
566000000 2154145.13766311 2.98293e+06
567000000 2169507.50052692 2.9648e+06
568000000 2184846.85407808 2.94671e+06
569000000 2192246.64238632 2.93577e+06
570000000 2193161.54193921 2.93068e+06
571000000 2194084.95313452 2.92562e+06
572000000 2195030.66951045 2.92058e+06
573000000 2196000.04161363 2.91557e+06
574000000 2196994.24267078 2.91059e+06
575000000 2197698.58500789 2.90721e+06
576000000 2198180.77245223 2.90507e+06
577000000 2198664.69680594 2.90298e+06
578000000 2199143.21516724 2.90096e+06
579000000 2199609.52210544 2.89899e+06
580000000 2200056.81201435 2.89704e+06
581000000 2200003.55582941 2.8967e+06
582000000 2199583.86182652 2.89754e+06
583000000 2199147.37470312 2.89837e+06
584000000 2198708.41800941 2.89922e+06
585000000 2198281.31511825 2.90006e+06
586000000 2197880.38922492 2.90091e+06
587000000 2198686.10663770 2.9037e+06
588000000 2200286.69381162 2.9078e+06
589000000 2201882.14007506 2.91194e+06
590000000 2203465.10250053 2.9161e+06
591000000 2205031.88533736 2.92028e+06
592000000 2206579.47267252 2.92447e+06
593000000 2204497.74789813 2.92891e+06
594000000 2200065.27957301 2.93353e+06
595000000 2195596.66993782 2.93814e+06
596000000 2191116.04062872 2.94271e+06
597000000 2186636.07711753 2.94725e+06
598000000 2182169.46469678 2.95177e+06
599000000 2182843.16296584 2.96225e+06
600000000 2186543.20786062 2.97623e+06
601000000 2190256.29771753 2.9902e+06
602000000 2193969.27484164 3.00416e+06
603000000 2197668.98135881 3.01811e+06
604000000 2201342.61351101 3.03205e+06
605000000 2202990.05045776 3.0579e+06
606000000 2203541.63962896 3.09014e+06
607000000 2204081.96345715 3.12233e+06
608000000 2204615.68052785 3.15447e+06
609000000 2205147.28042478 3.18655e+06
610000000 2205683.71929235 3.21857e+06
611000000 2209472.45410987 3.29781e+06
612000000 2214952.28362512 3.40135e+06
613000000 2220460.29234623 3.50487e+06
614000000 2225981.94761285 3.60837e+06
615000000 2231502.71658686 3.71185e+06
616000000 2237008.06625267 3.81531e+06
617000000 2687893.96936780 4.02589e+06
618000000 3348358.76587755 4.28686e+06
619000000 4008806.87048508 4.5478e+06
620000000 4669245.77202571 4.80869e+06
621000000 5329682.95915843 5.06952e+06
622000000 5990124.56033316 5.33029e+06
623000000 5887606.74659388 4.68268e+06
624000000 5458113.11358623 3.64575e+06
625000000 5028632.03634623 2.60881e+06
626000000 4599160.02198747 1.57185e+06
627000000 4169692.78630112 534888
628000000 3740217.47305821 -502085
629000000 3455548.97781935 -574315
630000000 3229998.60138534 -252505
631000000 3004407.97036182 69289.4
632000000 2778824.84655674 391100
633000000 2553220.25481635 712883
634000000 2327604.28532175 1.03463e+06
635000000 2243700.08929228 1.1591e+06
636000000 2212204.65556882 1.21058e+06
637000000 2180697.73654760 1.26206e+06
638000000 2149176.57882259 1.31354e+06
639000000 2117638.42881804 1.36504e+06
640000000 2086075.59931066 1.41658e+06
641000000 2112670.55504342 1.44729e+06
642000000 2158615.45030528 1.47108e+06
643000000 2204502.29036623 1.49487e+06
644000000 2250331.10585008 1.51866e+06
645000000 2296102.83145498 1.54247e+06
646000000 2341828.70105160 1.56627e+06
647000000 2380441.56258506 1.59238e+06
648000000 2416799.44931481 1.6192e+06
649000000 2453133.09767899 1.64603e+06
650000000 2489436.04441040 1.67288e+06
651000000 2525701.82607910 1.69977e+06
652000000 2561924.65910950 1.7267e+06
653000000 2460907.80971967 1.84001e+06
654000000 2321125.44615490 1.97777e+06
655000000 2181283.44856042 2.11556e+06
656000000 2041374.06817452 2.25338e+06
657000000 1901389.55607701 2.39121e+06
658000000 1761339.30688184 2.52905e+06
659000000 1758528.10938883 2.54019e+06
660000000 1792172.93695865 2.51766e+06
661000000 1825786.61919238 2.49515e+06
662000000 1859369.89809898 2.47266e+06
663000000 1892920.12851655 2.4502e+06
664000000 1926428.26279754 2.42777e+06
665000000 1942944.33341018 2.39372e+06
666000000 1955426.41615014 2.35699e+06
667000000 1967846.79165266 2.3203e+06
668000000 1980204.35701946 2.28364e+06
669000000 1992498.00920430 2.24699e+06
670000000 2004729.11175309 2.21035e+06
671000000 2016135.98399562 2.19114e+06
672000000 2027334.60032687 2.1755e+06
673000000 2038493.88264896 2.15988e+06
674000000 2049626.05346210 2.14427e+06
675000000 2060741.52664294 2.12868e+06
676000000 2071830.11725061 2.11311e+06
677000000 2054557.64464915 2.09397e+06
678000000 2031842.87240276 2.07418e+06
679000000 2009076.70341767 2.05442e+06
680000000 1986257.80044173 2.03469e+06
681000000 1963387.83707532 2.01499e+06
682000000 1940470.40150667 1.9953e+06
683000000 1941805.08848050 2.03216e+06
684000000 1947056.20980064 2.07821e+06
685000000 1952279.53266177 2.12426e+06
686000000 1957485.98800940 2.17033e+06
687000000 1962686.50666156 2.21641e+06
688000000 1967883.44746417 2.26252e+06
689000000 1974573.45691117 2.24134e+06
690000000 1981456.61680180 2.21102e+06
691000000 1988318.37268770 2.18073e+06
692000000 1995148.20108833 2.15048e+06
693000000 2001942.35243832 2.12026e+06
694000000 2008709.88172033 2.09006e+06
695000000 2006871.41088544 2.08322e+06
696000000 2003962.93589086 2.07927e+06
697000000 2001051.23670794 2.07532e+06
698000000 1998141.39518609 2.07138e+06
699000000 1995239.92949290 2.06745e+06
700000000 1992353.55996912 2.06355e+06
701000000 1990837.91070921 2.06693e+06
702000000 1989475.74146782 2.07107e+06
703000000 1988122.67916517 2.07526e+06
704000000 1986767.75869242 2.07949e+06
705000000 1985382.17469943 2.08383e+06
706000000 1983934.23058434 2.08839e+06
707000000 1979943.20757820 2.08536e+06
708000000 1975732.65937827 2.08168e+06
709000000 1971563.59853629 2.07806e+06
710000000 1967413.50540361 2.07445e+06
711000000 1963286.46435878 2.07086e+06
712000000 1959182.73024659 2.0673e+06
713000000 1954077.23991839 2.05674e+06
714000000 1948932.90948355 2.04578e+06
715000000 1943808.19500517 2.03487e+06
716000000 1938698.65143744 2.02403e+06
717000000 1933593.61462203 2.01324e+06
718000000 1928482.42032019 2.00249e+06
719000000 1933026.82967271 2.01134e+06
720000000 1937963.04994142 2.02105e+06
721000000 1942899.28217888 2.03079e+06
722000000 1947846.74509155 2.04055e+06
723000000 1952813.27029669 2.05034e+06
724000000 1957800.28700852 2.06017e+06
725000000 1953554.01047562 2.05419e+06
726000000 1949037.53321896 2.04778e+06
727000000 1944532.70743918 2.04142e+06
728000000 1940035.19054021 2.03514e+06
729000000 1935537.76700679 2.02891e+06
730000000 1931032.81669914 2.02274e+06
731000000 1927743.59734613 2.02084e+06
732000000 1924448.27617063 2.01901e+06
733000000 1921135.64226839 2.01722e+06
734000000 1917811.06893107 2.01545e+06
735000000 1914485.97461149 2.0137e+06
736000000 1911058.70612003 2.01197e+06
737000000 1896459.48405150 2.0087e+06
738000000 1881874.07736944 2.00547e+06
739000000 1867294.16721958 2.00227e+06
740000000 1852711.43470612 1.99913e+06
741000000 1838120.57188099 1.99603e+06
742000000 1824090.52933615 1.99304e+06
743000000 1838090.39407188 1.99288e+06
744000000 1852071.87785084 1.99275e+06
745000000 1866031.54135994 1.99263e+06
746000000 1879968.00106614 1.99252e+06
747000000 1893892.31146834 1.99242e+06
748000000 1907119.02536613 1.9923e+06
749000000 1903639.65874454 1.99168e+06
750000000 1900173.16646682 1.99108e+06
751000000 1896719.66130950 1.9905e+06
752000000 1893272.83339702 1.98994e+06
753000000 1889823.24366512 1.98941e+06
754000000 1886326.95694443 1.98923e+06
755000000 1882271.75985286 1.99425e+06
756000000 1878200.19510215 1.99929e+06
757000000 1874114.36666852 2.00434e+06
758000000 1870016.37851895 2.00938e+06
759000000 1865909.77104193 2.01441e+06
760000000 1860282.77648687 2.01854e+06
761000000 1834525.06684851 2.01085e+06
762000000 1808781.30521725 2.00316e+06
763000000 1783061.51630020 1.99548e+06
764000000 1757750.42716143 1.9868e+06
765000000 1732780.92838628 1.97727e+06
766000000 1711407.15426587 1.96759e+06
767000000 1726334.69086458 1.95629e+06
768000000 1741256.41004618 1.94501e+06
769000000 1756171.81241330 1.93374e+06
770000000 1771086.74587810 1.92247e+06
771000000 1786007.48014717 1.9112e+06
772000000 1799491.80918556 1.90092e+06
773000000 1797908.94698743 1.90072e+06
774000000 1796350.83629993 1.9005e+06
775000000 1794823.83879033 1.9003e+06
776000000 1793333.28824189 1.9001e+06
777000000 1791878.29943035 1.89993e+06
778000000 1789971.98226392 1.89903e+06
779000000 1784530.16027388 1.89272e+06
780000000 1779101.60685195 1.88643e+06
781000000 1773675.95160635 1.88015e+06
782000000 1768255.66944043 1.87389e+06
783000000 1762849.49363104 1.86763e+06
784000000 1753328.99540707 1.86118e+06
785000000 1718424.49037697 1.85354e+06
786000000 1683552.93602087 1.8459e+06
787000000 1648717.03129869 1.83825e+06
788000000 1613918.44279125 1.83061e+06
789000000 1579158.83712060 1.82299e+06
790000000 1559050.02952679 1.81845e+06
791000000 1621764.26546984 1.83117e+06
792000000 1684499.80567990 1.84392e+06
793000000 1747245.75286122 1.85668e+06
794000000 1809995.36090411 1.86947e+06
795000000 1872767.43044558 1.88228e+06
796000000 1922270.91268464 1.89055e+06
797000000 1906933.46480689 1.87654e+06
798000000 1891620.07546122 1.86252e+06
799000000 1876339.97749858 1.84851e+06
800000000 1861089.70922990 1.8345e+06
801000000 1845864.96546089 1.82051e+06
802000000 1834008.62764903 1.81004e+06
803000000 1836438.76427518 1.81447e+06
804000000 1838881.43942980 1.81894e+06
805000000 1841330.24523955 1.82345e+06
806000000 1843776.43797014 1.82798e+06
807000000 1846211.27395205 1.83253e+06
808000000 1847040.89582641 1.8347e+06
809000000 1841516.18674467 1.82732e+06
810000000 1835993.16560403 1.81994e+06
811000000 1830482.05955514 1.81258e+06
812000000 1824986.67318673 1.80522e+06
813000000 1819507.68198833 1.79788e+06
814000000 1814825.31392314 1.79014e+06
815000000 1812928.45776164 1.78094e+06
816000000 1811030.87851968 1.77178e+06
817000000 1809126.41680736 1.76267e+06
818000000 1807210.97814886 1.75358e+06
819000000 1805280.46814568 1.74451e+06
820000000 1803685.67397885 1.73353e+06
821000000 1803260.75875397 1.71613e+06
822000000 1802819.82881098 1.69873e+06
823000000 1801581.03820022 1.68311e+06
824000000 1800160.03162036 1.66791e+06
825000000 1798752.91354962 1.65271e+06
826000000 1797846.33051342 1.6557e+06
827000000 1798396.31749467 1.71322e+06
828000000 1798945.97059803 1.77077e+06
829000000 1799486.14939197 1.82833e+06
830000000 1800014.06082957 1.88592e+06
831000000 1800075.01067852 1.94347e+06
832000000 1797671.15035130 1.97967e+06
833000000 1792412.59845772 1.95861e+06
834000000 1787140.46828567 1.93754e+06
835000000 1781859.35459495 1.91644e+06
836000000 1776578.52408509 1.89533e+06
837000000 1771307.24354680 1.8742e+06
838000000 1766590.47380530 1.85597e+06
839000000 1763270.84962663 1.84515e+06
840000000 1759968.93869536 1.83434e+06
841000000 1756675.19170869 1.82353e+06
842000000 1753380.04834040 1.81273e+06
843000000 1750073.94835873 1.80193e+06
844000000 1745095.34181192 1.79724e+06
845000000 1736234.94250274 1.80676e+06
846000000 1727373.19677129 1.81626e+06
847000000 1718515.00385928 1.82574e+06
848000000 1709664.23068618 1.8352e+06
849000000 1700825.14752156 1.84463e+06
850000000 1694598.24198626 1.84823e+06
851000000 1693908.19589608 1.83945e+06
852000000 1693250.64463795 1.83067e+06
853000000 1692619.99748561 1.8219e+06
854000000 1692006.11353138 1.81314e+06
855000000 1691398.85196644 1.80438e+06
856000000 1690045.01442328 1.8003e+06
857000000 1687175.38442116 1.80569e+06
858000000 1684307.23373877 1.81107e+06
859000000 1681448.22401481 1.81645e+06
860000000 1678606.01698788 1.82182e+06
861000000 1675788.27449669 1.82716e+06
862000000 1671821.64825089 1.83049e+06
863000000 1665700.03682627 1.8301e+06
864000000 1659609.52953452 1.82972e+06
865000000 1653550.02837765 1.82936e+06
866000000 1647519.09953373 1.82901e+06
867000000 1641511.42427431 1.82869e+06
868000000 1639696.62555301 1.82574e+06
869000000 1645001.82339901 1.81832e+06
870000000 1650301.15892087 1.81091e+06
871000000 1655603.58939516 1.8035e+06
872000000 1660918.09443382 1.7961e+06
873000000 1666253.65374934 1.78869e+06
874000000 1666137.69701162 1.78416e+06
875000000 1657112.60503250 1.78432e+06
876000000 1648114.41810533 1.78448e+06
877000000 1639141.08348483 1.78467e+06
878000000 1630190.54852581 1.78488e+06
879000000 1621259.95417689 1.78513e+06
880000000 1615221.69467425 1.7836e+06
881000000 1613533.26296482 1.77931e+06
882000000 1612132.18978845 1.77452e+06
883000000 1610724.56913211 1.76975e+06
884000000 1609310.75156007 1.76498e+06
885000000 1607897.09961517 1.76022e+06
886000000 1593738.24664020 1.75864e+06
887000000 1561243.95696092 1.76161e+06
888000000 1528773.97281549 1.7646e+06
889000000 1496321.98924957 1.76759e+06
890000000 1463881.70140605 1.77061e+06
891000000 1431405.41800707 1.77543e+06
892000000 1423972.24233448 1.78262e+06
893000000 1449681.41806297 1.79269e+06
894000000 1475383.99456935 1.80278e+06
895000000 1501074.94643356 1.81289e+06
896000000 1526749.24833065 1.823e+06
897000000 1552407.64504463 1.8331e+06
898000000 1565904.57843198 1.83572e+06
899000000 1564548.43888887 1.82919e+06
900000000 1563204.94973317 1.82266e+06
901000000 1561874.29848568 1.81614e+06
902000000 1560556.66164230 1.80962e+06
903000000 1559244.98457017 1.80312e+06
904000000 1499635.73903493 1.80742e+06
905000000 1371582.88509259 1.8244e+06
906000000 1243517.01440892 1.8414e+06
907000000 1115437.84950207 1.85842e+06
908000000 987345.112979544 1.87543e+06
909000000 859238.930790665 1.89242e+06
910000000 795745.384419350 1.8809e+06
911000000 802252.930500962 1.83849e+06
912000000 808762.330813265 1.79607e+06
913000000 815282.912437846 1.75364e+06
914000000 821824.002542149 1.7112e+06
915000000 828382.904619081 1.66876e+06
916000000 893471.361550061 1.65913e+06
917000000 1017080.53852592 1.68231e+06
918000000 1140683.10105490 1.70549e+06
919000000 1264278.08305611 1.72868e+06
920000000 1387865.39184160 1.75186e+06
921000000 1511448.59628938 1.77504e+06
922000000 1571304.96499130 1.78835e+06
923000000 1569937.13758862 1.79217e+06
924000000 1568578.41244790 1.79596e+06
925000000 1567235.50411639 1.79974e+06
926000000 1565915.12721923 1.8035e+06
927000000 1564621.11145147 1.80725e+06
928000000 1555473.08326578 1.81543e+06
929000000 1539359.69244007 1.82753e+06
930000000 1523259.38682259 1.83962e+06
931000000 1507162.85249571 1.85172e+06
932000000 1491060.77561521 1.86381e+06
933000000 1474958.30485100 1.87589e+06
934000000 1464905.61940309 1.88026e+06
935000000 1460013.60984479 1.87806e+06
936000000 1455138.11058444 1.87584e+06
937000000 1450281.73256853 1.87359e+06
938000000 1445447.41499700 1.87131e+06
939000000 1440638.48573260 1.86903e+06
940000000 1437545.32028387 1.86943e+06
941000000 1435817.91255203 1.87192e+06
942000000 1434112.02093028 1.87442e+06
943000000 1432417.90093243 1.87692e+06
944000000 1430725.80813624 1.87942e+06
945000000 1429032.01006247 1.88193e+06
946000000 1426132.13735698 1.88289e+06
947000000 1422362.68229232 1.88273e+06
948000000 1418603.26534432 1.88256e+06
949000000 1414861.85775127 1.88238e+06
950000000 1410428.49534021 1.88405e+06
951000000 1405546.89460773 1.88696e+06
952000000 1402953.45200437 1.88921e+06
953000000 1401955.71060735 1.89101e+06
954000000 1400976.56089533 1.89284e+06
955000000 1400013.33218099 1.89469e+06
956000000 1399059.33762658 1.89656e+06
957000000 1398106.35288778 1.89845e+06
958000000 1388617.01738477 1.90055e+06
959000000 1373664.88480932 1.90279e+06
960000000 1358712.29959498 1.90504e+06
961000000 1343768.55187698 1.90728e+06
962000000 1328842.93183916 1.90953e+06
963000000 1313937.49849244 1.91177e+06
964000000 1310307.58830093 1.91618e+06
965000000 1313305.09008536 1.92186e+06
966000000 1316316.06630460 1.92755e+06
967000000 1319335.98010092 1.93328e+06
968000000 1322359.63829066 1.93903e+06
969000000 1325381.07054292 1.9448e+06
970000000 1309504.46523873 1.93894e+06
971000000 1282988.54949756 1.92653e+06
972000000 1256459.42516521 1.91412e+06
973000000 1229917.65837851 1.9017e+06
974000000 1203371.98363327 1.88927e+06
975000000 1176831.23132714 1.87683e+06
976000000 1189080.22520515 1.89275e+06
977000000 1221317.11709631 1.92328e+06
978000000 1253557.95732297 1.95382e+06
979000000 1285794.30794690 1.98436e+06
980000000 1318018.60437370 2.01492e+06
981000000 1350226.94352563 2.04548e+06
982000000 1378751.26049979 2.05444e+06
983000000 1405528.95026663 2.05324e+06
984000000 1432281.85920263 2.05202e+06
985000000 1459007.44472562 2.05078e+06
986000000 1485711.19668967 2.04951e+06
987000000 1512401.68009470 2.04822e+06
988000000 1495876.67372030 2.04724e+06
989000000 1459939.13922048 2.04637e+06
990000000 1424002.42617929 2.04551e+06
991000000 1388064.19727307 2.04464e+06
992000000 1352115.80449664 2.04377e+06
993000000 1316148.59986651 2.0429e+06
994000000 1297452.53710581 2.04557e+06
995000000 1285796.31195798 2.04968e+06
996000000 1274117.70871054 2.05379e+06
997000000 1262420.13771004 2.05788e+06
998000000 1250707.33750532 2.06194e+06
999000000 1238987.01483023 2.06597e+06
1000000000 1249565.97457793 2.07234e+06
1.001e+09 1268841.17886025 2.07965e+06
1002000000 1288126.72804335 2.08695e+06
1.003e+09 1307430.54811074 2.09426e+06
1004000000 1326744.22841690 2.10156e+06
1.005e+09 1346059.16659907 2.10887e+06
1006000000 1342030.19980107 2.1133e+06
1.007e+09 1327989.00163028 2.11649e+06
1008000000 1313936.98706630 2.11968e+06
1.009e+09 1285613.90538100 2.09833e+06
1010000000 1224602.93252971 2.01902e+06
1.011e+09 1163597.61064327 1.93969e+06
1012000000 1101804.18367671 1.8557e+06
1.013e+09 1039826.43036678 1.77053e+06
1014000000 977868.150584969 1.68535e+06
1.015e+09 915933.154771945 1.60018e+06
1016000000 854021.237167378 1.51501e+06
1.017e+09 792130.654454124 1.42986e+06
1018000000 737990.908286796 1.3468e+06
1.019e+09 685791.140658101 1.26427e+06
1020000000 633588.453561094 1.18175e+06
1.021e+09 581378.219557059 1.09922e+06
1022000000 529168.432614523 1.0167e+06
1.023e+09 476967.086700228 934159
1024000000 428009.589111785 852083
1.025e+09 379878.214144826 770113
1026000000 331768.073297528 688132
1.027e+09 283679.247668618 606151
1028000000 235611.300284310 524179
1.029e+09 187563.794164830 442226
1030000000 134804.609972116 380152
1.031e+09 80872.2731839826 323060
1032000000 26940.9359369815 265980
1.033e+09 -26997.4363077120 208909
1034000000 -80942.7097772634 151843
1.035e+09 -134894.654844267 94780.7
1036000000 -185577.926835948 14381.6
1.037e+09 -235434.873615431 -71852.5
1038000000 -285274.023057643 -158089
1.039e+09 -335093.739263036 -244324
1040000000 -384898.638615758 -330549
1.041e+09 -434693.337513670 -416754
1042000000 -481935.425706488 -496317
1.043e+09 -528538.305685891 -574200
1044000000 -575142.073386523 -652056
1.045e+09 -621752.492712456 -729894
1046000000 -668375.327584418 -807721
1.047e+09 -715016.341940460 -885545
1048000000 -766755.720337309 -968659
1.049e+09 -819065.970108748 -1.05236e+06
1050000000 -871373.642454918 -1.13606e+06
1.051e+09 -923672.297286546 -1.21976e+06
1052000000 -975961.805238555 -1.30345e+06
1.053e+09 -1028243.27441455 -1.38714e+06
1054000000 -1083278.81619303 -1.46525e+06
1.055e+09 -1138625.80497418 -1.54273e+06
1056000000 -1193984.74218031 -1.62018e+06
1.057e+09 -1249358.52280012 -1.69761e+06
1058000000 -1304748.51380680 -1.77504e+06
1059000000 -1360157.01134944 -1.85247e+06
1060000000 -1428736.31116669 -1.92882e+06
1061000000 -1498793.94011091 -2.00505e+06
1062000000 -1568864.64772335 -2.0813e+06
1063000000 -1638940.16005099 -2.15755e+06
1064000000 -1709012.20316686 -2.23381e+06
1065000000 -1779072.50317064 -2.31007e+06
1066000000 -1818337.38630083 -2.39738e+06
1067000000 -1854184.08377422 -2.48593e+06
1.068e+09 -1890041.77683542 -2.57446e+06
1069000000 -1831660.73055481 -2.52744e+06
1.07e+09 -1762824.15974458 -2.46536e+06
1071000000 -1694004.77778955 -2.40327e+06
1.072e+09 -1582614.49994059 -2.36593e+06
1073000000 -1466505.84147858 -2.33136e+06
1074000000 -1350408.46893902 -2.29682e+06
1075000000 -1234315.48202120 -2.2623e+06
1076000000 -1118219.98045574 -2.2278e+06
1077000000 -1002115.06400479 -2.1933e+06
1078000000 -1010363.90410285 -2.12782e+06
1079000000 -1032419.75606066 -2.0589e+06
1080000000 -1054469.03273513 -1.98998e+06
1081000000 -1076519.79306902 -1.92105e+06
1082000000 -1098580.09603853 -1.85213e+06
1083000000 -1120655.52575754 -1.78321e+06
1084000000 -1035910.78385533 -1.65407e+06
1085000000 -951170.120018187 -1.52495e+06
1086000000 -866428.009956066 -1.39585e+06
1087000000 -781680.813142176 -1.26677e+06
1088000000 -696925.407152596 -1.13772e+06
1089000000 -612157.742696085 -1.00868e+06
1090000000 -562669.680384953 -957215
1091000000 -513160.514201181 -905752
1092000000 -463629.809502559 -854283
1093000000 -414085.812057146 -802810
1094000000 -364536.767670325 -751335
1095000000 -314990.922184992 -699859
1096000000 -278301.479759302 -641405
1097000000 -241616.100447424 -582953
1098000000 -204928.884725884 -524509
1099000000 -168232.837166996 -466078
1100000000 -131520.962382006 -407664
1101000000 -94789.3231181085 -349267
1102000000 -12158.3744677106 -274840
1103000000 70492.6617705762 -200409
1104000000 153163.822703694 -125965
1105000000 235852.761965140 -51506.8
1106000000 318557.133148108 22968.7
1107000000 401269.386068865 97457.1
1108000000 425287.186778813 214259
1109000000 449297.534621926 331067
1110000000 473301.793645523 447876
1111000000 497307.865158797 564685
1112000000 521323.650429545 681492
1113000000 545355.813235918 798296
1114000000 605256.638201805 831998
1115000000 665175.581748635 865702
1116000000 725108.950838776 899414
1117000000 785052.081270617 933141
1118000000 845003.707726475 966896
1119000000 902974.884615745 996119
1120000000 943088.730107626 984351
1121000000 983194.393402005 972594
1122000000 1023288.06003159 960841
1123000000 1063387.23664214 949109
1124000000 1103477.55601176 937377
1125000000 1135769.16176583 944941
1126000000 1097891.18334091 1.12616e+06
1127000000 1060027.41679673 1.30737e+06
1128000000 1004179.66308932 1.44546e+06
1129000000 936479.814831854 1.55467e+06
1130000000 868777.224905123 1.66389e+06
1131000000 821390.007124791 1.76599e+06
1132000000 956898.929748873 1.80376e+06
1133000000 1092394.34670183 1.84156e+06
1134000000 1227873.34346840 1.87936e+06
1135000000 1363333.00548933 1.91715e+06
1136000000 1498770.41816100 1.95494e+06
1137000000 1626819.97430884 1.98973e+06
1138000000 1688504.60082872 1.99754e+06
1139000000 1750189.92457227 2.00536e+06
1140000000 1811879.15664105 2.01317e+06
1141000000 1873572.23944070 2.02099e+06
1142000000 1935265.57697283 2.02881e+06
1143000000 1991212.55449656 2.03454e+06
1144000000 1995489.35722634 2.02138e+06
1145000000 1999746.32608831 2.00823e+06
1146000000 2003985.07995851 1.99509e+06
1147000000 2008207.23766837 1.98195e+06
1148000000 2012414.41800461 1.96879e+06
1149000000 2018914.49994573 1.95517e+06
1150000000 2046153.06922481 1.93753e+06
1151000000 2073387.70808059 1.91987e+06
1152000000 2100625.48897888 1.90221e+06
1153000000 2127873.48434085 1.88454e+06
1154000000 2155135.22869010 1.86687e+06
1155000000 2178384.43008124 1.86133e+06
1156000000 2165463.03437732 1.96499e+06
1157000000 2152532.98118216 2.06866e+06
1158000000 2139592.79452975 2.17233e+06
1159000000 2126642.09435231 2.276e+06
1160000000 2113684.11664649 2.37965e+06
1161000000 2114739.93349559 2.42821e+06
1162000000 2171864.17626055 2.25644e+06
1163000000 2228993.98054319 2.08465e+06
1164000000 2286133.53733608 1.91283e+06
1165000000 2343287.03758742 1.741e+06
1166000000 2400458.67220118 1.56917e+06
1167000000 2431717.09496713 1.43862e+06
1168000000 2359270.17590672 1.47322e+06
1169000000 2286832.14413448 1.50783e+06
1170000000 2214395.27918524 1.54243e+06
1171000000 2141951.86054993 1.57703e+06
1172000000 2069501.24439431 1.61162e+06
1173000000 2063318.29090307 1.63415e+06
1174000000 2322215.19355062 1.60848e+06
1175000000 2581120.78133935 1.58279e+06
1176000000 2840035.82083927 1.55708e+06
1177000000 3098965.48982517 1.53135e+06
1178000000 3357910.93721884 1.50561e+06
1179000000 3549671.31189861 1.49726e+06
1180000000 3472641.76269946 1.55845e+06
1181000000 3395626.11197939 1.61966e+06
1182000000 3318617.20150971 1.68087e+06
1183000000 3241607.87301879 1.74209e+06
1184000000 3164592.73711853 1.80331e+06
1185000000 3102497.33934166 1.84666e+06
1186000000 3100099.27654792 1.81852e+06
1187000000 3090150.79557745 1.78824e+06
1188000000 3049999.82102672 1.74945e+06
1189000000 3009865.47182078 1.71064e+06
1190000000 2969747.52355535 1.67184e+06
1191000000 2934847.46539746 1.64078e+06
1192000000 2920774.43957944 1.64066e+06
1193000000 2906710.82145983 1.64057e+06
1194000000 2892654.32417454 1.6405e+06
1195000000 2878601.60117129 1.64045e+06
1196000000 2864546.88554685 1.64042e+06
1197000000 2838793.47052610 1.62731e+06
1198000000 2785747.66934913 1.58368e+06
1199000000 2732694.52298595 1.54004e+06
1200000000 2679641.44516546 1.49642e+06
1201000000 2626595.84957582 1.45279e+06
1202000000 2573561.61150498 1.40917e+06
1203000000 2562307.73750232 1.43617e+06
1204000000 2648523.80569231 1.62797e+06
1205000000 2734745.11004182 1.81979e+06
1206000000 2820966.89447767 2.01162e+06
1207000000 2907184.45992283 2.20349e+06
1208000000 2993394.50523005 2.39537e+06
1209000000 3030887.42921240 2.49377e+06
1210000000 2954718.19730997 2.37403e+06
1211000000 2878534.20480719 2.25429e+06
1212000000 2802336.30388763 2.13455e+06
1213000000 2726128.90158010 2.0148e+06
1214000000 2649919.08991341 1.89504e+06
1215000000 2587084.21087761 1.77401e+06
1216000000 2555455.98701810 1.65e+06
1217000000 2523830.46859467 1.52599e+06
1218000000 2492200.95582874 1.40199e+06
1219000000 2460560.74890368 1.278e+06
1220000000 2428906.76407383 1.15402e+06
1221000000 2406408.52402590 1.0679e+06
1222000000 2405293.96510914 1.0701e+06
1223000000 2404162.52826303 1.07229e+06
1224000000 2403013.93772312 1.07448e+06
1225000000 2401850.03698105 1.07664e+06
1226000000 2400677.51011035 1.07879e+06
1227000000 2399401.55809692 1.08696e+06
1228000000 2397893.55420644 1.10922e+06
1229000000 2396391.00199172 1.13147e+06
1230000000 2394893.99498174 1.15372e+06
1231000000 2393396.84557004 1.17597e+06
1232000000 2391892.72374136 1.19822e+06
1233000000 2385204.51017917 1.20691e+06
1234000000 2370738.22875595 1.19526e+06
1235000000 2356256.65578138 1.1836e+06
1236000000 2341766.19674915 1.17193e+06
1237000000 2327270.41795248 1.16024e+06
1238000000 2312772.18666495 1.14852e+06
1239000000 2288318.03679214 1.14193e+06
1240000000 2248934.99045727 1.14306e+06
1241000000 2209562.81390602 1.14417e+06
1242000000 2170206.77334999 1.14529e+06
1243000000 2130865.02519832 1.1464e+06
1244000000 2091530.35574840 1.14751e+06
1245000000 2069009.95126414 1.13984e+06
1246000000 2071704.98267906 1.11902e+06
1247000000 2082481.60081723 1.10755e+06
1248000000 2094150.66447276 1.09712e+06
1249000000 2105818.87712653 1.08668e+06
1250000000 2117491.61653797 1.07622e+06
1251000000 2123692.12710074 1.07404e+06
1252000000 2121682.25910921 1.08428e+06
1253000000 2119687.08690364 1.09451e+06
1254000000 2117708.48479239 1.10474e+06
1255000000 2115747.26740555 1.11498e+06
1256000000 2113801.82903230 1.12522e+06
1257000000 2104903.96824929 1.1192e+06
1258000000 2085563.99248820 1.08876e+06
1259000000 2066223.96170617 1.05833e+06
1260000000 2046889.23627389 1.02791e+06
1261000000 2027550.88017258 997499
1262000000 2008215.71432262 967080
1263000000 2006394.85904923 961901
1264000000 2030845.00654571 994586
1265000000 2055311.31598822 1.02727e+06
1266000000 2079794.44815596 1.05995e+06
1267000000 2104293.41963368 1.09263e+06
1268000000 2128807.24697706 1.12534e+06
1269000000 2103284.98908557 1.14119e+06
1270000000 2027721.01928623 1.14018e+06
1271000000 1952159.51352431 1.13918e+06
1272000000 1876594.69008949 1.1382e+06
1273000000 1801024.32212755 1.13722e+06
1274000000 1725448.86779517 1.13625e+06
1275000000 1719955.35484288 1.12794e+06
1276000000 1784550.73733412 1.11229e+06
1277000000 1849158.63597144 1.09664e+06
1278000000 1913784.86217927 1.08099e+06
1279000000 1978424.97827137 1.06535e+06
1280000000 2043074.54653470 1.04972e+06
1281000000 2059648.79589610 1.06022e+06
1282000000 2028144.51895615 1.09685e+06
1283000000 1996639.36291676 1.1335e+06
1284000000 1965129.65573475 1.17016e+06
1285000000 1933611.14856114 1.20683e+06
1286000000 1902079.59252118 1.2435e+06
1287000000 1895130.18007709 1.24148e+06
1288000000 1912769.50256002 1.20076e+06
1289000000 1930407.23460929 1.16003e+06
1290000000 1948049.96750589 1.11931e+06
1291000000 1965698.51140668 1.07859e+06
1292000000 1983352.53407097 1.03786e+06
1293000000 1990346.05238396 1.01724e+06
1294000000 1986685.90484207 1.01673e+06
1295000000 1983014.33871949 1.01622e+06
1296000000 1979327.16297330 1.01574e+06
1297000000 1975623.47486679 1.01525e+06
1298000000 1971902.37163976 1.01477e+06
1299000000 1974695.47734487 996051
1300000000 1984004.21076089 959105
1301000000 1993297.54129764 922146
1302000000 2002581.41148259 885175
1303000000 2011862.27935575 848196
1304000000 2021146.60293474 811213
1305000000 2010545.93543485 861871
1306000000 1987978.65365458 970869
1307000000 1966269.26903147 1.07982e+06
1308000000 1944544.29490668 1.18877e+06
1309000000 1922802.89309808 1.29773e+06
1310000000 1901044.31760779 1.40669e+06
1311000000 1898305.63178926 1.42149e+06
1312000000 1908244.29897501 1.3735e+06
1313000000 1918172.88247683 1.3255e+06
1314000000 1928095.71735732 1.27747e+06
1315000000 1938018.29221835 1.22943e+06
1316000000 1947946.09564160 1.18138e+06
1317000000 1958613.45384082 1.15271e+06
1318000000 1969777.06856275 1.13694e+06
1319000000 1980949.22998717 1.12118e+06
1320000000 1992123.53263099 1.10541e+06
1321000000 2003293.57099176 1.08965e+06
1322000000 2014452.93954788 1.07389e+06
1323000000 2051157.71872857 1.06321e+06
1324000000 2104895.11046592 1.05591e+06
1325000000 2158634.41667345 1.04859e+06
1326000000 2212379.79172615 1.04125e+06
1327000000 2266133.74581584 1.0339e+06
1328000000 2319898.98174305 1.02653e+06
1329000000 2151552.66463435 1.08835e+06
1330000000 1835139.95959843 1.19631e+06
1331000000 1518748.03172635 1.30426e+06
1332000000 1202371.15348350 1.41222e+06
1333000000 886002.566247506 1.52019e+06
1334000000 569635.511379186 1.62816e+06
1335000000 568700.771595225 1.62052e+06
1336000000 778053.315823396 1.53582e+06
1337000000 987405.940020953 1.45112e+06
1338000000 1196764.46395582 1.3664e+06
1339000000 1406134.70737986 1.28168e+06
1340000000 1615522.30561775 1.19694e+06
1341000000 1680753.15263461 1.14656e+06
1342000000 1684211.53503494 1.11091e+06
1343000000 1687685.52189365 1.07526e+06
1344000000 1691173.54384207 1.03963e+06
1345000000 1694673.45471641 1.00402e+06
1346000000 1698180.72223308 968417
1347000000 1727199.26729755 906564
1348000000 1767145.34413376 833463
1349000000 1807081.63004552 760363
1350000000 1847014.66027560 687265
1351000000 1886948.96934929 614170
1352000000 1926888.42487658 541080
1353000000 1915414.33738021 645737
1354000000 1881913.48830070 826572
1355000000 1848423.43234832 1.00741e+06
1356000000 1814941.01059454 1.18827e+06
1357000000 1781463.06409730 1.36915e+06
1358000000 1747986.04864753 1.55005e+06
1359000000 1682963.49533521 1.65242e+06
1360000000 1604414.93523738 1.72114e+06
1361000000 1525853.89941819 1.78986e+06
1362000000 1447280.36523340 1.85858e+06
1363000000 1368694.82556123 1.92731e+06
1364000000 1290102.87698506 1.99604e+06
1365000000 1305958.14839917 1.95365e+06
1366000000 1362803.99545034 1.86361e+06
1367000000 1419658.28928181 1.77357e+06
1368000000 1476515.54701261 1.68354e+06
1369000000 1533370.28575015 1.59353e+06
1370000000 1590217.11479570 1.50353e+06
1371000000 1599478.76693594 1.45133e+06
1372000000 1588338.66703660 1.41534e+06
1373000000 1577184.10608791 1.37937e+06
1374000000 1566013.10846335 1.34339e+06
1375000000 1554823.69852556 1.3074e+06
1376000000 1543618.67283578 1.2714e+06
1377000000 1552216.00063264 1.2796e+06
1378000000 1565763.67939294 1.29884e+06
1379000000 1579314.36791727 1.31808e+06
1380000000 1592868.14912665 1.33731e+06
1381000000 1606424.54459265 1.35655e+06
1382000000 1619977.39317424 1.37579e+06
1383000000 1634945.06705395 1.36132e+06
1384000000 1650253.00507131 1.33843e+06
1385000000 1665544.36615606 1.31554e+06
1386000000 1680820.86981244 1.29265e+06
1387000000 1696084.23553542 1.26975e+06
1388000000 1711336.37543772 1.24683e+06
1389000000 1709418.33063361 1.24714e+06
1390000000 1703204.24215980 1.25325e+06
1391000000 1696990.26161603 1.25935e+06
1392000000 1690782.20726011 1.26543e+06
1393000000 1684585.89734129 1.27151e+06
1394000000 1678396.94266553 1.27759e+06
1395000000 1680504.51614858 1.28469e+06
1396000000 1684680.25736475 1.29204e+06
1397000000 1688846.26795476 1.29939e+06
1398000000 1693002.06998884 1.30674e+06
1399000000 1697148.79156214 1.31408e+06
1400000000 1701290.47621797 1.32141e+06
1401000000 1704939.43415875 1.32055e+06
1402000000 1708468.50891281 1.31762e+06
1403000000 1712004.09195601 1.31468e+06
1404000000 1715549.61531313 1.31172e+06
1405000000 1719108.51100181 1.30876e+06
1406000000 1722681.82492811 1.3058e+06
1407000000 1710175.65619518 1.30208e+06
1408000000 1693656.13511230 1.29818e+06
1409000000 1677139.88136404 1.29427e+06
1410000000 1660602.80733927 1.29039e+06
1411000000 1644039.38872172 1.28653e+06
1412000000 1627472.90721670 1.28265e+06
1413000000 1565449.32352216 1.26884e+06
1414000000 1492074.55780104 1.25254e+06
1415000000 1418711.52568748 1.23622e+06
1416000000 1345362.12789822 1.2199e+06
1417000000 1272027.49182138 1.20356e+06
1418000000 1198708.27187228 1.18723e+06
1419000000 1262886.51144375 1.18648e+06
1420000000 1342355.65264807 1.18746e+06
1421000000 1421833.75232418 1.18847e+06
1422000000 1501314.57719279 1.18947e+06
1423000000 1580791.89396939 1.19049e+06
1424000000 1660264.57308191 1.1915e+06
1425000000 1682764.66608609 1.1906e+06
1426000000 1698948.50352926 1.18951e+06
1427000000 1715138.55468963 1.18842e+06
1428000000 1731341.04065911 1.18733e+06
1429000000 1747558.97045954 1.18623e+06
1430000000 1763789.52219660 1.18514e+06
1431000000 1747797.12397155 1.17496e+06
1432000000 1728230.28721470 1.16379e+06
1433000000 1708667.89937468 1.15264e+06
1434000000 1689107.44428460 1.14151e+06
1435000000 1669544.10626997 1.13039e+06
1436000000 1649972.77319343 1.11929e+06
1437000000 1635515.63291377 1.11045e+06
1438000000 1621615.64419371 1.10186e+06
1439000000 1607709.62036159 1.09327e+06
1440000000 1593804.07474223 1.08468e+06
1441000000 1579904.95931750 1.0761e+06
1442000000 1566012.54336315 1.06751e+06
1443000000 1534114.40368550 995945
1444000000 1500216.98422106 917387
1445000000 1466316.92890320 838843
1446000000 1432409.48166216 760320
1447000000 1398491.43307103 681815
1448000000 1364560.51963404 603321
1449000000 1421360.91853052 756063
1450000000 1488227.63003229 934494
1451000000 1555078.89661860 1.11292e+06
1452000000 1621916.69971860 1.29134e+06
1453000000 1688747.52495291 1.46976e+06
1454000000 1755577.85793982 1.64817e+06
1455000000 1745084.13909739 1.59915e+06
1456000000 1734593.46277988 1.55014e+06
1457000000 1724099.78444717 1.50112e+06
1458000000 1713597.05955701 1.45212e+06
1459000000 1703080.84959781 1.40312e+06
1460000000 1692549.63151180 1.35414e+06
1461000000 1672998.14399086 1.32761e+06
1462000000 1653431.29489202 1.30108e+06
1463000000 1633849.65873713 1.27454e+06
1464000000 1614253.81004636 1.24798e+06
1465000000 1594648.92234541 1.22141e+06
1466000000 1575040.76207618 1.19482e+06
1467000000 1606971.26234580 1.18231e+06
1468000000 1638907.18747275 1.1698e+06
1469000000 1670875.49762971 1.15736e+06
1470000000 1702853.29711564 1.14493e+06
1471000000 1734827.55561931 1.1325e+06
1472000000 1766791.99444677 1.12007e+06
1473000000 1719634.35316850 1.18727e+06
1474000000 1672464.57042038 1.25446e+06
1475000000 1625286.41817064 1.32164e+06
1476000000 1578103.66838656 1.38881e+06
1477000000 1530919.31971174 1.45595e+06
1478000000 1483735.89782185 1.52308e+06
1479000000 1502629.16931474 1.47594e+06
1480000000 1521530.97969984 1.4288e+06
1481000000 1540445.50781928 1.38165e+06
1482000000 1559375.33031610 1.3345e+06
1483000000 1578314.01544464 1.28735e+06
1484000000 1597657.28801598 1.24062e+06
1485000000 1602417.39359748 1.2044e+06
1486000000 1607171.78479998 1.16818e+06
1487000000 1611920.29495217 1.13196e+06
1488000000 1616666.43941367 1.09573e+06
1489000000 1621415.45355378 1.05949e+06
1490000000 1624132.48630102 1.03652e+06
1491000000 1608500.89132930 1.13308e+06
1492000000 1592882.48680351 1.22962e+06
1493000000 1577278.31292248 1.32617e+06
1494000000 1561689.40988519 1.42272e+06
1495000000 1546114.51838722 1.51928e+06
1496000000 1523561.14933212 1.59885e+06
1497000000 1438096.43927396 1.52542e+06
1498000000 1352632.51491591 1.45201e+06
1499000000 1267163.10296158 1.3786e+06
1500000000 1181687.11920230 1.30518e+06
1501000000 1096210.75512138 1.23177e+06
1502000000 1029827.28553583 1.17084e+06
1503000000 1135239.47613054 1.22222e+06
1504000000 1240664.74305782 1.27361e+06
1505000000 1346104.25247055 1.32499e+06
1506000000 1451556.35680644 1.37638e+06
1507000000 1557019.25071705 1.42778e+06
1508000000 1647381.12885486 1.474e+06
1509000000 1601758.37069413 1.47348e+06
1510000000 1556135.86455216 1.47297e+06
1511000000 1510508.49874716 1.47247e+06
1512000000 1464871.96269759 1.47198e+06
1513000000 1419226.45001706 1.47149e+06
1514000000 1381070.58203607 1.47221e+06
1515000000 1410394.16137572 1.48388e+06
1516000000 1439721.84065822 1.49554e+06
1517000000 1469059.82250694 1.5072e+06
1518000000 1498406.94548428 1.51887e+06
1519000000 1527758.60813419 1.53055e+06
1520000000 1555500.82086639 1.54331e+06
1521000000 1568754.47222761 1.56575e+06
1522000000 1582001.55157136 1.58821e+06
1523000000 1595239.42611617 1.61069e+06
1524000000 1608464.98447669 1.63318e+06
1525000000 1621675.11526903 1.65567e+06
1526000000 1627433.25338200 1.67078e+06
1527000000 1603450.67144682 1.65641e+06
1528000000 1579524.01339318 1.64206e+06
1529000000 1555596.03442126 1.62771e+06
1530000000 1531670.46367993 1.61336e+06
1531000000 1507747.39247408 1.59902e+06
1532000000 1491328.54877072 1.57195e+06
1533000000 1504919.12607967 1.49401e+06
1534000000 1518499.37457922 1.41608e+06
1535000000 1532063.79778277 1.33816e+06
1536000000 1545612.52663757 1.26026e+06
1537000000 1559146.00766627 1.18235e+06
1538000000 1582605.22072680 1.1201e+06
1539000000 1645813.11993516 1.12045e+06
1540000000 1709009.67165486 1.1208e+06
1541000000 1772198.79193148 1.12114e+06
1542000000 1835386.38512994 1.12146e+06
1543000000 1900463.54462372 1.12146e+06
1544000000 1949749.21970267 1.12928e+06
1545000000 1905671.84070152 1.17354e+06
1546000000 1861591.56064957 1.2178e+06
1547000000 1817502.26591155 1.26207e+06
1548000000 1773401.52488550 1.30633e+06
1549000000 1729288.62598146 1.3506e+06
1550000000 1699218.79696760 1.38159e+06
1551000000 1725356.27818861 1.35948e+06
1552000000 1751488.47665804 1.33736e+06
1553000000 1777618.39055719 1.31521e+06
1554000000 1803749.97528030 1.29305e+06
1555000000 1829887.18622398 1.27087e+06
1556000000 1842528.69969117 1.25824e+06
1557000000 1801158.79277863 1.2838e+06
1558000000 1759797.81974007 1.30935e+06
1559000000 1718440.92144052 1.3349e+06
1560000000 1677081.81938591 1.36045e+06
1561000000 1635714.23508460 1.38599e+06
1562000000 1617234.26203738 1.40113e+06
1563000000 1652178.15554676 1.39197e+06
1564000000 1687120.93588949 1.3828e+06
1565000000 1722067.50018111 1.37362e+06
1566000000 1757019.93182367 1.36442e+06
1567000000 1791980.15643509 1.3552e+06
1568000000 1824594.56386278 1.34122e+06
1569000000 1851724.37219841 1.31616e+06
1570000000 1878867.63286962 1.2911e+06
1571000000 1906022.59794677 1.26605e+06
1572000000 1933183.54286803 1.24101e+06
1573000000 1960344.74307424 1.21598e+06
1574000000 1980541.45172490 1.20127e+06
1575000000 1984494.61993832 1.21068e+06
1576000000 1988443.40955946 1.22009e+06
1577000000 1992393.61219684 1.2295e+06
1578000000 1996351.01946171 1.2389e+06
1579000000 2000321.42296815 1.2483e+06
1580000000 2003143.15228795 1.25383e+06
1581000000 2003264.09518054 1.25035e+06
1582000000 2003397.38940826 1.24688e+06
1583000000 2003541.79382023 1.24343e+06
1584000000 2003695.58866310 1.23999e+06
1585000000 2003857.67713203 1.23657e+06
1586000000 2000415.07538813 1.22436e+06
1587000000 1988532.16148340 1.19156e+06
1588000000 1976641.08661233 1.15877e+06
1589000000 1964744.92694975 1.12599e+06
1590000000 1952849.59739666 1.09321e+06
1591000000 1940961.01285698 1.06042e+06
1592000000 1949748.12173420 1.05115e+06
1593000000 2006764.53136563 1.09673e+06
1594000000 2063791.25588160 1.14232e+06
1595000000 2120824.69781665 1.18791e+06
1596000000 2177861.25970824 1.23352e+06
1597000000 2234897.34409688 1.27916e+06
1598000000 2268498.07817947 1.30476e+06
1599000000 2266944.27278585 1.30029e+06
1600000000 2265379.43253414 1.29584e+06
1601000000 2263801.85805313 1.29138e+06
1602000000 2262211.83829215 1.28692e+06
1603000000 2244395.06915541 1.27679e+06
1604000000 2227691.99731021 1.26528e+06
1605000000 2218760.43790822 1.25382e+06
1606000000 2209835.89137964 1.24237e+06
1607000000 2200913.03196950 1.23092e+06
1608000000 2191986.53392590 1.21948e+06
1609000000 2183051.07150003 1.20806e+06
1610000000 2177728.22496874 1.19617e+06
1611000000 2177828.52051951 1.1836e+06
1612000000 2177913.33005606 1.17103e+06
1613000000 2177981.60731219 1.15846e+06
1614000000 2178032.30602483 1.14589e+06
1615000000 2178065.33615938 1.1333e+06
1616000000 2189358.11432571 1.12276e+06
1617000000 2217552.22380349 1.11529e+06
1618000000 2245745.91454217 1.10781e+06
1619000000 2273940.83948748 1.10034e+06
1620000000 2302137.23222670 1.09286e+06
1621000000 2330331.48816320 1.08539e+06
1622000000 2255879.45582838 1.11484e+06
1623000000 2027456.31709010 1.19967e+06
1624000000 1799016.73232979 1.2845e+06
1625000000 1570563.06592049 1.36934e+06
1626000000 1342097.68223855 1.45417e+06
1627000000 1113622.94566332 1.53899e+06
1628000000 1026792.29214909 1.55678e+06
1629000000 1152433.59888907 1.47404e+06
1630000000 1278074.65142836 1.39128e+06
1631000000 1403720.41421722 1.30852e+06
1632000000 1529375.85170897 1.22576e+06
1633000000 1655041.54497865 1.143e+06
1634000000 1717146.77513895 1.09335e+06
1635000000 1715685.70748657 1.07681e+06
1636000000 1714217.43555937 1.06027e+06
1637000000 1712741.63181172 1.04373e+06
1638000000 1711257.96870114 1.02719e+06
1639000000 1709770.26007283 1.01064e+06
1640000000 1702517.51725112 993944
1641000000 1689503.83489686 977092
1642000000 1676497.49958116 960223
1643000000 1663500.95089098 943343
1644000000 1650516.62841642 926459
1645000000 1637391.27108271 909677
1646000000 1613539.66123807 900480
1647000000 1579063.97387129 898802
1648000000 1544594.21120358 897128
1649000000 1510124.37545934 895457
1650000000 1475648.46886611 893787
1651000000 1441168.17002864 892116
1652000000 1339402.66797171 891917
1653000000 1170357.40172321 893187
1654000000 1001322.98772579 894448
1655000000 832300.940430753 895702
1656000000 663292.443071748 896951
1657000000 494297.368773515 898202
1658000000 473971.423997387 877310
1659000000 602314.481874433 834283
1660000000 730666.336129581 791271
1661000000 859021.578054338 748270
1662000000 992079.120063345 710028
1663000000 1129835.74514511 676540
1664000000 1221746.13436276 680620
1665000000 1267812.19006503 722265
1666000000 1313880.60793635 763910
1667000000 1359957.09496364 805555
1668000000 1406047.35813695 847198
1669000000 1452148.82168036 888845
1670000000 1463060.63464317 912371
1671000000 1450512.23082343 923826
1672000000 1437966.06092184 935301
1673000000 1425419.81509631 946794
1674000000 1412870.30993884 958303
1675000000 1400313.36541658 969824
1676000000 1378118.70149973 953197
1677000000 1349491.53459028 917802
1678000000 1320855.16322749 882408
1679000000 1292215.48595366 847015
1680000000 1263578.40131411 811625
1681000000 1234945.96967018 776237
1682000000 1188867.37117774 776008
1683000000 1131156.89285404 799223
1684000000 1073443.89054606 822450
1685000000 1015723.72010383 845694
1686000000 957992.399822187 868956
1687000000 900248.568222850 892230
1688000000 901970.863830374 908409
1689000000 943331.258505711 919854
1690000000 984677.180484005 931295
1691000000 1026009.90922166 942728
1692000000 1067334.06917779 954156
1693000000 1108655.50761442 965581
1694000000 1156300.97179655 956300
1695000000 1208165.51940183 933218
1696000000 1260029.63218023 910139
1697000000 1311887.72521785 887065
1698000000 1363734.21360376 863998
1699000000 1415567.65381437 840938
1700000000 1424906.08313832 858163
1701000000 1405910.65324376 902240
1702000000 1386903.10205314 946309
1703000000 1367884.63415850 990363
1704000000 1348925.43711878 1.03435e+06
1705000000 1329970.69074647 1.07831e+06
1706000000 1343342.37955788 1.07703e+06
1707000000 1378270.26361251 1.0456e+06
1708000000 1413204.57518237 1.01416e+06
1709000000 1448145.21998857 982722
1710000000 1483086.46877909 951284
1711000000 1518022.57874818 919845
1712000000 1390436.02856183 852927
1713000000 1193190.73514945 770801
1714000000 995938.509428098 688668
1715000000 798683.257232975 606523
1716000000 601428.553180888 524361
1717000000 404176.661779675 442183
1718000000 482838.951072634 489933
1719000000 679756.469299984 593364
1720000000 876685.831371218 696792
1721000000 1073740.31869872 800136
1722000000 1271738.61535048 902518
1723000000 1469742.87499163 1.0049e+06
1724000000 1503368.14360967 1.04132e+06
1725000000 1466541.44532300 1.04947e+06
1726000000 1429710.87555146 1.05761e+06
1727000000 1392877.67324696 1.06575e+06
1728000000 1356046.84425458 1.07389e+06
1729000000 1319223.39442204 1.08201e+06
1730000000 1301130.56293303 1.08026e+06
1731000000 1291073.12688717 1.07428e+06
1732000000 1281029.25755041 1.0683e+06
1733000000 1270999.22619131 1.06232e+06
1734000000 1260982.43051208 1.05635e+06
1735000000 1250977.27158954 1.05039e+06
1736000000 1215072.38832722 1.00857e+06
1737000000 1168066.81431629 951392
1738000000 1121058.41648384 894217
1739000000 1074041.56175948 837044
1740000000 1027021.88702725 779874
1741000000 980005.056286730 722703
1742000000 1032625.57817269 740432
1743000000 1127955.45518647 790260
1744000000 1223297.45074901 840089
1745000000 1318650.80064555 889922
1746000000 1414013.30801640 939766
1747000000 1509382.77600419 989627
1748000000 1518484.15729838 998884
1749000000 1506017.58680172 998002
1750000000 1493546.91105781 997132
1751000000 1481067.83243190 996269
1752000000 1468579.39829135 995410
1753000000 1456081.87880594 994554
1754000000 1432353.91375753 972810
1755000000 1405820.19598267 945846
1756000000 1379292.79165354 918884
1757000000 1352774.76655257 891924
1758000000 1326261.65268332 864972
1759000000 1299748.98205169 838032
1760000000 1258919.24666590 846926
1761000000 1214504.80624645 864792
1762000000 1170078.63768198 882676
1763000000 1125628.90366114 900576
1764000000 1081165.99452746 918481
1765000000 1036687.57095095 936384
1766000000 1095228.61795566 959475
1767000000 1179519.26453098 983861
1768000000 1263806.70633514 1.00824e+06
1769000000 1348096.67236188 1.03263e+06
1770000000 1432389.25663129 1.05701e+06
1771000000 1516684.53960905 1.0814e+06
1772000000 1496289.40715614 1.07276e+06
1773000000 1449714.81856748 1.05586e+06
1774000000 1403127.59980684 1.03897e+06
1775000000 1356525.71799209 1.02209e+06
1776000000 1309910.00553823 1.00522e+06
1777000000 1263281.29486240 988338
1778000000 1289712.06711455 986056
1779000000 1334406.82183542 987422
1780000000 1379095.93787283 988776
1781000000 1428257.19876898 991993
1782000000 1478512.62829357 995601
1783000000 1528775.89547926 999206
1784000000 1499931.55360818 1.01484e+06
1785000000 1462297.04923845 1.03181e+06
1786000000 1424657.10604887 1.04878e+06
1787000000 1387007.40226667 1.06576e+06
1788000000 1349347.38301163 1.08273e+06
1789000000 1311677.18528439 1.0997e+06
1790000000 1358096.31904050 1.09751e+06
1791000000 1413855.44423752 1.09317e+06
1792000000 1469613.57083501 1.08882e+06
1793000000 1525374.13752316 1.08444e+06
1794000000 1581140.68155437 1.08006e+06
1795000000 1636916.74018294 1.07567e+06
1796000000 1614467.70515582 1.09752e+06
1797000000 1583336.67957377 1.12229e+06
1798000000 1552214.41679648 1.14706e+06
1799000000 1521095.17380815 1.17182e+06
1800000000 1489973.20759492 1.19659e+06
1801000000 1458842.77514484 1.22136e+06
1802000000 1465940.28932844 1.23225e+06
1803000000 1477286.38282117 1.24158e+06
1804000000 1488637.92163367 1.2509e+06
1805000000 1499998.20120247 1.26021e+06
1806000000 1511369.08431842 1.2695e+06
1807000000 1522752.17455184 1.27879e+06
1808000000 1538745.21709846 1.26837e+06
1809000000 1555263.77382247 1.25578e+06
1810000000 1571798.02139493 1.24319e+06
1811000000 1588342.42063631 1.23061e+06
1812000000 1604891.43236881 1.21804e+06
1813000000 1621439.51741644 1.20547e+06
1814000000 1671019.76293785 1.2387e+06
1815000000 1724267.66496493 1.27701e+06
1816000000 1777515.81983581 1.31532e+06
1817000000 1830769.61611230 1.35363e+06
1818000000 1884034.44235795 1.39194e+06
1819000000 1937314.30338041 1.43024e+06
1820000000 1876241.79876112 1.35806e+06
1821000000 1815241.36727214 1.28611e+06
1822000000 1754341.52809277 1.21449e+06
1823000000 1693449.16994977 1.14288e+06
1824000000 1632562.21310884 1.0713e+06
1825000000 1571676.59750384 999728
1826000000 1548459.83389298 1.02516e+06
1827000000 1525234.76636937 1.0506e+06
1828000000 1501999.97184709 1.07604e+06
1829000000 1478761.11999648 1.10148e+06
1830000000 1455523.88048955 1.12692e+06
1831000000 1432293.92299980 1.15237e+06
1832000000 1452891.65592874 1.16993e+06
1833000000 1473497.76111123 1.18749e+06
1834000000 1494109.07185639 1.20507e+06
1835000000 1514721.82340660 1.22265e+06
1836000000 1535332.25100572 1.24026e+06
1837000000 1555937.10834394 1.25789e+06
1838000000 1627405.43253243 1.28472e+06
1839000000 1698862.92735060 1.31156e+06
1840000000 1765291.04761484 1.33714e+06
1841000000 1824177.35514254 1.36042e+06
1842000000 1883051.97995844 1.3837e+06
1843000000 1941920.57831607 1.40697e+06
1844000000 1888887.20292997 1.41021e+06
1845000000 1835859.23984944 1.41344e+06
1846000000 1782835.99090049 1.41668e+06
1847000000 1729812.28533098 1.41992e+06
1848000000 1676782.95239023 1.42318e+06
1849000000 1623743.51320776 1.42644e+06
1850000000 1678974.95424034 1.348e+06
1851000000 1734193.33857404 1.26956e+06
1852000000 1789398.45619779 1.19112e+06
1853000000 1844590.09710192 1.11268e+06
1854000000 1899768.05127809 1.03422e+06
1855000000 1943008.09848236 967697
1856000000 1878891.74716579 1.00861e+06
1857000000 1814776.01114804 1.04952e+06
1858000000 1750664.46637151 1.09042e+06
1859000000 1686557.14240259 1.13132e+06
1860000000 1622452.68068980 1.17223e+06
1861000000 1564040.01330043 1.20874e+06
1862000000 1556868.87230307 1.2057e+06
1863000000 1549684.18976761 1.20267e+06
1864000000 1542487.52815312 1.19965e+06
1865000000 1535281.64605664 1.19661e+06
1866000000 1528069.30207647 1.19356e+06
1867000000 1520276.72892314 1.1899e+06
1868000000 1507295.98426533 1.18086e+06
1869000000 1494316.43582287 1.17181e+06
1870000000 1481342.29099841 1.16274e+06
1871000000 1468377.75719580 1.15367e+06
1872000000 1455427.04182015 1.1446e+06
1873000000 1446278.31505539 1.14026e+06
1874000000 1471275.52083421 1.17846e+06
1875000000 1496269.70309048 1.21665e+06
1876000000 1521258.41453832 1.25485e+06
1877000000 1546241.44418279 1.29304e+06
1878000000 1571220.93189843 1.33122e+06
1879000000 1591942.67346804 1.36155e+06
1880000000 1574093.96302880 1.3195e+06
1881000000 1556147.76027373 1.27671e+06
1882000000 1538212.31750942 1.23391e+06
1883000000 1520289.27205201 1.19111e+06
1884000000 1502380.26121885 1.14831e+06
1885000000 1483661.68069544 1.11053e+06
1886000000 1457546.33456167 1.11792e+06
1887000000 1431439.51764595 1.12532e+06
1888000000 1405335.58669067 1.13272e+06
1889000000 1379228.89843925 1.14013e+06
1890000000 1353116.58587463 1.14753e+06
1891000000 1331171.30334469 1.14895e+06
1892000000 1325900.31039618 1.1264e+06
1893000000 1320639.74838476 1.10385e+06
1894000000 1315391.45386868 1.0813e+06
1895000000 1310156.66533888 1.05874e+06
1896000000 1304934.98071932 1.03618e+06
1897000000 1296067.08353681 1.02675e+06
1898000000 1272576.73731917 1.0698e+06
1899000000 1244566.60150444 1.10273e+06
1900000000 1202192.85259342 1.09668e+06
1901000000 1159818.30621102 1.09063e+06
1902000000 1117438.07309277 1.08459e+06
1903000000 1088051.31258627 1.0641e+06
1904000000 1110655.60716641 985780
1905000000 1133259.31357981 907464
1906000000 1155867.97203264 829150
1907000000 1178487.12273205 750836
1908000000 1201117.60414947 672524
1909000000 1201006.54294306 592895
1910000000 1109902.39910523 507978
1911000000 1018799.12733631 423079
1912000000 927694.533532847 338198
1913000000 836586.365494179 253335
1914000000 745471.228747241 168484
1915000000 673766.656486397 103171
1916000000 679732.037240342 115985
1917000000 685686.168557808 128797
1918000000 691634.731439573 141610
1919000000 697583.406887219 154424
1920000000 703536.487784034 167240
1921000000 694557.936292623 164103
1922000000 625838.383071846 97141.7
1923000000 557117.986336964 30189.4
1924000000 488392.018948037 -36750.3
1925000000 419655.753766044 -103674
1926000000 350907.744788687 -170585
1927000000 310393.795319335 -226777
1928000000 335775.155498330 -257967
1929000000 361143.936985599 -289164
1930000000 386501.618976534 -320370
1931000000 411850.926480413 -351584
1932000000 437197.311312428 -382803
1933000000 448543.575288569 -421684
1934000000 427224.970225539 -478433
1935000000 405909.729399183 -535181
1936000000 384592.309168873 -591927
1937000000 363267.165894767 -648669
1938000000 341931.106806037 -705407
1939000000 310023.889446314 -759008
1940000000 253976.588304747 -811160
1941000000 197919.430228182 -863320
1942000000 141854.225397445 -915495
1943000000 85782.9001900710 -967690
1944000000 29709.6655311339 -1.0199e+06
1945000000 -10092.3176535746 -1.0669e+06
1946000000 -11926.9051042122 -1.10173e+06
1947000000 -13753.7205699295 -1.13656e+06
1948000000 -15573.0908580871 -1.1714e+06
1949000000 -17388.3886414743 -1.20623e+06
1950000000 -19205.2021981022 -1.24107e+06
1951000000 -34715.1698053177 -1.29078e+06
1952000000 -82170.1687533772 -1.37519e+06
1953000000 -129631.849363706 -1.4596e+06
1954000000 -177095.978623785 -1.54403e+06
1955000000 -224558.323520434 -1.62847e+06
1956000000 -272016.291607864 -1.71292e+06
1957000000 -310609.916024241 -1.78531e+06
1958000000 -328526.334246489 -1.8295e+06
1959000000 -307475.494700962 -1.79747e+06
1960000000 -282114.665570241 -1.75698e+06
1961000000 -256739.768982717 -1.71648e+06
1962000000 -231356.210133476 -1.67598e+06
1963000000 -208793.052635140 -1.63428e+06
1964000000 -190467.530890638 -1.59081e+06
1965000000 -172144.528195380 -1.54733e+06
1966000000 -153823.952012698 -1.50386e+06
1967000000 -135501.455913231 -1.46038e+06
1968000000 -117171.908396719 -1.41692e+06
1969000000 -94698.2712956448 -1.38463e+06
1970000000 -66011.9712913450 -1.36912e+06
1971000000 -37311.3642985719 -1.35361e+06
1972000000 -8596.94623149176 -1.3381e+06
1973000000 20130.7288982714 -1.32257e+06
1974000000 48869.9648062010 -1.30703e+06
1975000000 72800.3118749816 -1.27561e+06
1976000000 89507.3647663065 -1.22038e+06
1977000000 106214.146010617 -1.16514e+06
1978000000 122915.548138933 -1.1099e+06
1979000000 139612.555415014 -1.05466e+06
1980000000 156310.583314889 -999415
1981000000 172282.247315060 -958703
1982000000 187165.674066005 -939789
1983000000 202060.568401267 -920874
1984000000 216967.072272255 -901956
1985000000 231882.376516633 -883031
1986000000 246803.671972581 -864090
1987000000 257010.342812075 -832311
1988000000 260140.104428668 -781283
1989000000 263266.053681854 -730243
1990000000 266384.577431596 -679195
1991000000 269493.308351392 -628145
1992000000 272592.605920359 -577093
1993000000 286759.006731194 -531687
1994000000 317535.425986627 -494750
1995000000 348314.885556476 -457811
1996000000 379108.211725308 -420866
