calling sussix 32768 8192
fft tunes bunch no 1  :  0.3095703125 0.680053710938 14598144 14598144 1 1 

sussix tunes bunch no 1  :  [ 0.30974995  0.31976461] 

[  4.46794185e-07   0.00000000e+00   0.00000000e+00   4.50178567e-07
   0.00000000e+00   0.00000000e+00   0.00000000e+00   0.00000000e+00
   0.00000000e+00   0.00000000e+00   0.00000000e+00   0.00000000e+00
   0.00000000e+00   0.00000000e+00]
0.309749948697 4.46794184676e-07 0.319764606911 4.50178567175e-07
-0.309749968872 4.46783832669e-07 -0.319764594299 4.50174758706e-07
-0.309666016365 2.03133862097e-07 -0.31996917565 7.08886305159e-08
0.309665999396 2.03141021461e-07 0.319969102647 7.08669028415e-08
0.309817360315 1.41414131022e-07 0.320061829641 3.82395430301e-08
-0.309817358995 1.4138673807e-07 -0.320061847833 3.82030575019e-08
0.309588769497 5.85211280312e-08 -0.319662256081 4.30175266389e-08
-0.309588754503 5.85131636404e-08 0.319662269181 4.29984195124e-08
0.309955949738 3.69200539368e-08 0.319850838743 2.97149978144e-08
-0.309955988166 3.69109465575e-08 -0.319850877569 2.96921421044e-08
-0.309477140446 1.38846125582e-08 0.319559517935 1.3422455184e-08
-0.309721557377 1.41918215046e-08 -0.3195594323 1.34208000473e-08
0.30947713489 1.3874486499e-08 0.320144842445 1.49045887496e-08
0.309721554913 1.4198519432e-08 -0.32014482118 1.48993017806e-08
0.307079300905 6.97005954419e-09 -0.319934406468 9.8607349504e-09
-0.307079304772 6.96996278605e-09 0.319934387986 9.85467141652e-09
0.31015562434 5.73340524633e-09 -0.319476881755 7.82169648224e-09
-0.310155645248 5.73207908706e-09 0.319476974912 7.82577705968e-09
-0.309375579388 5.9026857757e-09 -0.319790161756 6.92830191599e-09
-0.309857055771 5.59498731647e-09 0.319790182235 6.92396130482e-09
0.309375578446 5.89840128292e-09 0.320244634995 7.01079385118e-09
0.309856949016 5.59303635134e-09 -0.320244646432 7.00706195531e-09
0.312858066687 3.90584729834e-09 0.317075510686 7.18535273898e-09
-0.312858100101 3.90542455867e-09 -0.317075508972 7.18518346901e-09
0.315781904864 3.042088446e-09 -0.319637644574 4.79303878949e-09
-0.315781900729 3.04205890996e-09 -0.320336153759 3.99840736704e-09
0.310267240372 3.13070238638e-09 0.319637686734 4.78771682173e-09
0.310058685333 2.87379775028e-09 0.320336153377 3.99901066773e-09
0.309289420379 3.49613086773e-09 0.319405589194 4.87038874753e-09
-0.310267168176 3.13067500156e-09 -0.319405554714 4.86743397691e-09
-0.310058785608 2.87204735333e-09 0.320427573435 2.81329510625e-09
-0.309289416416 3.49691872276e-09 -0.320427576841 2.8123201234e-09
-0.309191478054 2.48648929933e-09 0.320023247537 2.92147059386e-09
0.309191429307 2.48539283476e-09 -0.320023117254 2.91786292402e-09
0.309954365738 2.00633714748e-09 0.319307736914 2.86498293787e-09
-0.309954448499 2.00743049572e-09 -0.319307697926 2.86411650448e-09
-0.309541599952 2.01266325551e-09 0.319206041731 1.91917241822e-09
0.309541626895 2.00935165988e-09 -0.319205957591 1.91854968683e-09
-0.30909121414 1.82105786411e-09 -0.320120573545 2.80027819655e-09
0.309091181942 1.82018750831e-09 0.320120588504 2.80225133798e-09
-0.309432296021 1.63893575234e-09 0.319545468081 2.11925351803e-09
0.30943225268 1.63744475156e-09 -0.319545386966 2.11860437221e-09
-0.310368070655 2.2967627427e-09 -0.320215644566 1.75013570067e-09
0.310368144387 2.29836535304e-09 0.320215685515 1.74755013955e-09
-0.310161458714 1.32167865673e-09 0.320504052008 2.10339214467e-09
0.31016156238 1.31961655423e-09 -0.320504057898 2.10184085328e-09
-0.308986396326 1.3477556703e-09 -0.319110933279 1.51829302802e-09
0.308986378761 1.34714336713e-09 0.319111047807 1.51913889013e-09
-0.310464964252 1.37528440104e-09 -0.325762971 1.48197551473e-09
0.310465306815 1.37473426037e-09 0.325762958935 1.48174930115e-09
-0.31054842341 1.10731368153e-09 -0.314194825428 1.16035283285e-09
0.310548715835 1.10500584066e-09 0.314194832519 1.16012168185e-09
0.310270161287 1.19264884415e-09 0.319675687052 1.0662108573e-09
0.309646471834 1.4439573017e-09 0.319461978414 1.07326274917e-09
-0.310270123622 1.19219273315e-09 -0.31967552197 1.06541343691e-09
-0.309646472801 1.44147007698e-09 -0.319461836961 1.07292601664e-09
-0.309335379413 9.07040452997e-10 0.32060328097 1.3788175472e-09
0.309335375397 9.06570576193e-10 -0.320603282356 1.37789228024e-09
0.31063286433 9.53138204103e-10 0.320700188427 1.03776345475e-09
-0.31063265644 9.54626244947e-10 -0.320700177751 1.03726929171e-09
-0.308896582498 9.7550503386e-10 0.320793942446 8.31427840621e-10
0.308896606914 9.74976295758e-10 0.319020006116 1.19302334003e-09
-0.309824991184 7.56129772061e-10 -0.319020341459 1.18607001898e-09
0.309824878306 7.5307930773e-10 -0.320794965516 8.39309496723e-10
-0.308809936727 7.61849535301e-10 0.320022755356 1.05584376275e-09
-0.308709571368 7.01901512376e-10 0.319901073084 9.55545494641e-10
0.308809963668 7.61785517582e-10 -0.320022668122 1.05372532297e-09
0.308709550836 7.01725685942e-10 -0.319900778802 9.58322689964e-10
-0.310059748617 5.99572257299e-10 0.320345139228 7.7699912073e-10
0.310059714176 5.98105645702e-10 -0.320345473818 7.78371539361e-10
-0.309566981434 5.75010136362e-10 -0.318927647026 8.9903101848e-10
0.309566907187 5.73894895152e-10 -0.318831303551 7.41063085035e-10
-0.309228325657 5.69921384533e-10 0.318926986134 9.00017568897e-10
0.309228271528 5.69653422036e-10 0.318830352698 7.38911524016e-10
0.310735566656 7.53898575584e-10 0.322918973594 8.12051350548e-10
0.310395407822 5.98191160475e-10 -0.322918943584 8.11261431136e-10
-0.310735440014 7.53703369883e-10 0.319361811902 6.52115524518e-10
-0.310395174271 5.97839014859e-10 -0.319362232667 6.48601497214e-10
-0.308617370902 5.38472887129e-10 -0.320882644853 6.97751178818e-10
0.308617352738 5.38349388462e-10 -0.320431831189 5.97999519431e-10
-0.310836828028 5.98281368436e-10 -0.319814925021 5.99442300751e-10
0.307027359888 4.63447874814e-10 -0.319587883051 6.00940913265e-10
0.310837073592 5.97243637394e-10 0.320880295614 6.97172562289e-10
-0.307027694069 4.62583815129e-10 0.320430752501 5.99089120484e-10
-0.310929436595 4.47443676999e-10 0.319815535107 6.01941026779e-10
0.310930084322 4.4615296223e-10 0.319587893794 6.02999657423e-10
0.309733530723 4.91928042074e-10 0.318744381816 6.0522855195e-10
-0.309733647454 4.91926681431e-10 -0.318745327086 6.08220643828e-10
0.311022485952 4.1493913236e-10 -0.320119066095 7.56533837974e-10
-0.311021997786 4.15521811294e-10 0.320119350758 7.5273001349e-10
-0.310316821292 4.06978776293e-10 -0.320531685461 4.64137566836e-10
0.310316965065 4.05577281297e-10 0.320530508582 4.65927981145e-10
0.309430160821 3.92809703632e-10 0.319272144336 5.19231495334e-10
0.309129337005 3.93791126192e-10 0.320970218651 6.1168340251e-10
-0.309430083093 3.92752891361e-10 0.321067768016 4.73468515772e-10
-0.309129459874 3.94217633808e-10 0.319176234542 5.33186034374e-10
0.311259932439 3.97913140746e-10 -0.319272966544 5.18078180134e-10
-0.311259746356 3.98044669687e-10 -0.319175732433 5.20779468761e-10
0.311149851418 3.70907307756e-10 -0.320972313073 6.17175097999e-10
-0.311149616179 3.70704792771e-10 -0.321071108936 4.73666059133e-10
-0.310169959565 3.57015105844e-10 0.321162896867 3.8807950301e-10
0.31016961036 3.57310275987e-10 -0.321167029138 3.86347144396e-10
0.304219102788 3.43067374926e-10 -0.317019432197 3.58244140145e-10
-0.304219111275 3.43057795891e-10 0.317019779333 3.58098406238e-10
-0.30131374614 4.31323479205e-10 0.318662958152 4.66908789796e-10
0.301313748067 4.31336914686e-10 -0.318663776041 4.69873173299e-10
-0.309045640087 4.15918137636e-10 0.311314717405 3.90128968878e-10
0.309045537807 4.15700569192e-10 -0.311314787113 3.90241516342e-10
-0.308528605969 4.08937727624e-10 0.319713328737 3.2819626762e-10
0.30852861954 4.08791008859e-10 0.320300558193 3.30065934436e-10
-0.309939334575 3.01174548458e-10 0.319931986763 3.38588015199e-10
-0.310657197751 3.07715112579e-10 0.319092097271 3.25087615486e-10
-0.310496771086 3.63112417467e-10 -0.319713211397 3.25745109455e-10
0.309939068681 3.00166553339e-10 -0.320295380934 3.26987871123e-10
0.310656832303 3.07531195712e-10 -0.319931297818 3.38610717645e-10
0.310497061304 3.63974484509e-10 -0.318566238407 3.95942219093e-10
-0.308952196906 3.02693006152e-10 -0.318466742394 3.3140376024e-10
0.308952083171 3.02490309375e-10 0.318564514147 3.84814836562e-10
0.318661457227 4.4911167083e-10 0.318467400054 3.20449874978e-10
-0.318661469894 4.49104662446e-10 -0.321255012835 3.65046078833e-10
0.308441628632 3.18057786782e-10 -0.319090356006 3.06205946889e-10
0.308345637295 2.95939793288e-10 0.321251153586 3.76170770347e-10
-0.308441566248 3.18149909408e-10 0.322800706517 3.88098185841e-10
-0.30834561985 2.9608996811e-10 -0.322800877133 3.88754046764e-10
-0.312785161463 3.45722533955e-10 -0.318378450025 2.88654405525e-10
0.31278515515 3.44693582596e-10 0.328645476551 2.97519580776e-10
-0.309341112082 2.70312304376e-10 -0.328645522266 2.97562767263e-10
0.309341079764 2.70239856352e-10 0.318377393453 2.75648370512e-10
-0.308247925495 2.40627637488e-10 0.320215106643 2.83673377046e-10
0.308247910361 2.40428229508e-10 -0.320211575485 2.76054256674e-10
-0.310409339468 2.36070976846e-10 0.319369406501 2.86106583386e-10
0.310409566341 2.35076123331e-10 0.319484684791 2.81454045439e-10
0.298421890553 2.54788399564e-10 -0.319368895799 2.82237320789e-10
-0.298421893068 2.54786884978e-10 -0.319485222749 2.78125063414e-10
-0.309490065332 2.65225254957e-10 0.317159079186 2.30260107026e-10
0.309490065561 2.6466733943e-10 -0.317158797717 2.29012413131e-10
0.311484707321 2.81324946449e-10 -0.320893699787 2.42192448806e-10
0.31135925061 3.54208037008e-10 -0.32078847777 2.56688348345e-10
-0.311484582533 2.81384199344e-10 -0.320633666202 2.70647623416e-10
-0.311359119904 3.54142106954e-10 -0.320029376497 2.69263982647e-10
0.309841376201 2.19312043378e-10 0.320894575252 2.35216748239e-10
-0.309841643665 2.19231674843e-10 0.320795210192 2.53681236993e-10
0.310739954832 2.37819122102e-10 0.320626388391 2.72060182148e-10
0.310551669762 1.96895247831e-10 0.320029252832 2.74142642076e-10
-0.310740293508 2.37481003738e-10 -0.308432479597 2.50803843256e-10
-0.310551721712 1.98570937336e-10 0.32302797033 2.2495361028e-10
0.307152483254 2.00580789634e-10 0.308432260296 2.50219395013e-10
-0.307152898688 1.99066331155e-10 -0.323028758403 2.23654465396e-10
0.310051182937 1.86098619037e-10 0.321341489488 3.35182071074e-10
-0.310051357073 1.85676692638e-10 0.321438948614 2.34913367402e-10
-0.311568958848 2.68177580815e-10 0.321566579769 2.25539984111e-10
0.311569090122 2.68101388567e-10 0.321665056784 1.97244242968e-10
-0.309665849246 1.82882025552e-10 -0.318285461092 2.66240836593e-10
0.309665871771 1.82334473842e-10 -0.321342996914 3.34867226261e-10
0.309159153159 1.98668617178e-10 -0.321440212709 2.34283120253e-10
0.311681675036 2.05200164574e-10 -0.321566689147 2.27968437076e-10
-0.309159181122 1.98653191989e-10 -0.32166715356 1.96580637385e-10
-0.311681527271 2.05362012307e-10 0.3182890273 2.68152638708e-10
0.315857727878 2.93924635129e-10 -0.325688641134 1.76595711403e-10
-0.315857723625 2.93807349435e-10 0.325688787851 1.76138408093e-10
0.31290431855 1.96770403802e-10 -0.319019547854 2.56604591629e-10
-0.308160581275 2.07054448366e-10 -0.319831861066 1.75949236951e-10
-0.308726845195 1.60341231953e-10 -0.321758667007 1.7476107171e-10
-0.308843233201 1.62110642062e-10 0.321756941083 1.7444370108e-10
-0.31290304265 1.95315940288e-10 0.320717884194 2.32259040276e-10
0.308161215689 2.0762497516e-10 0.319288396176 2.60825213386e-10
0.308727276609 1.59579302753e-10 -0.320458923735 1.77589006819e-10
0.308843510193 1.61606056983e-10 -0.320709793245 2.05742615057e-10
-0.311790958878 1.48508080682e-10 0.318191137699 2.26260097045e-10
0.311791239663 1.48281918619e-10 0.318080310111 1.90097394201e-10
0.308060978683 1.84066178513e-10 0.318888443549 2.00831331406e-10
0.30796149899 1.54699261406e-10 0.31900254066 2.30387611821e-10
-0.308060549939 1.85019579328e-10 0.319838248557 1.65544195088e-10
-0.307960940837 1.55187147106e-10 -0.318187473993 2.36726719128e-10
-0.311879137587 1.34660193627e-10 -0.318073974215 1.96057043117e-10
0.311879382485 1.34387258049e-10 0.320472744032 1.74375283212e-10
0.309255236318 1.9045158721e-10 0.323126509454 1.46555119571e-10
-0.309255292804 1.90583866649e-10 -0.31429229914 1.79206724032e-10
-0.307863920505 1.28030583052e-10 0.314291448396 1.78476591967e-10
0.307864701459 1.27730301949e-10 -0.323126805407 1.44152137741e-10
-0.324440674525 1.29893566807e-10 0.32082325979 1.57509570086e-10
0.324440660498 1.29904428259e-10 0.320964387368 2.10847293487e-10
0.306946928767 1.75493500715e-10 0.317977969975 1.43810586995e-10
0.308641229169 1.65757932303e-10 -0.317972279552 1.47621054211e-10
0.310821115377 1.38020683037e-10 -0.316940900794 1.71558464072e-10
-0.306946129675 1.7360270145e-10 0.321062037238 1.35588374795e-10
-0.30864112033 1.66854990701e-10 -0.317879236909 1.32184074587e-10
-0.310821292686 1.36538073928e-10 0.316946497399 1.74283970153e-10
-0.311237386974 1.45857428671e-10 -0.319278823942 2.35747267306e-10
-0.310913488132 1.17245812421e-10 -0.319615100291 1.7145535096e-10
0.311237587428 1.45858740192e-10 -0.318919231294 2.30083098489e-10
0.310913698248 1.17247486088e-10 -0.318805718481 1.74362381114e-10
0.307257621364 1.15022675306e-10 -0.320827204624 1.60024642003e-10
-0.307257891955 1.14345630298e-10 -0.320964145914 2.20437113162e-10
0.315714513289 1.25410589324e-10 0.319627253486 1.7922755192e-10
-0.315714485384 1.25334443956e-10 0.318797040686 2.30544492752e-10
0.306850695626 1.28654033556e-10 -0.321072038295 1.34202876619e-10
-0.306850263934 1.28647313314e-10 0.317888960153 1.24963066016e-10
-0.307772839088 1.16593587507e-10 0.321150622613 1.23599238148e-10
-0.295559798884 1.10062419928e-10 0.317264518982 1.16570154542e-10
0.295559936926 1.10035702443e-10 -0.320367576032 1.96100635946e-10
0.307386474866 1.0345758759e-10 -0.32060213359 1.34981723152e-10
0.30776849435 1.13685370328e-10 -0.32116366528 1.18294257243e-10
-0.309054230564 1.17627071013e-10 -0.32183411699 1.36007424812e-10
0.309054866154 1.16373315015e-10 -0.321924542405 1.3071810724e-10
0.306733565704 1.10111672044e-10 -0.322027545585 1.13790172791e-10
-0.306737277029 1.06495333646e-10 -0.314133275135 1.45408116709e-10
-0.30411909079 1.34122954589e-10 0.321835068482 1.41423732119e-10
-0.309582579305 1.02481759028e-10 0.321927548327 1.32025821499e-10
0.309582354325 1.01841487041e-10 0.322029141709 1.15222459631e-10
0.30411980154 1.35170180342e-10 0.314133703338 1.44887082799e-10
0.313027972637 1.17626443207e-10 0.320604118963 1.19274194827e-10
0.312651057749 1.06332387627e-10 -0.318696804278 1.17061328831e-10
-0.307393743711 1.037415101e-10 -0.316853545878 1.46996448422e-10
-0.309719320378 1.06813770435e-10 -0.317265142112 1.16922740231e-10
-0.309949700741 9.98130811227e-11 0.316851751675 1.5282703118e-10
-0.313027500186 1.15132976488e-10 0.305544782333 1.06854996149e-10
-0.312652718666 1.06126027732e-10 -0.305544521465 1.06250827381e-10
0.309720234289 1.05815421977e-10 0.320382986323 1.82049165091e-10
0.309950675282 9.90818673859e-11 0.318685516093 1.38297700243e-10
-0.307514273277 9.33422845383e-11 0.318575444882 1.1740162006e-10
0.311963564739 1.2021466786e-10 0.316744443624 1.17776096717e-10
0.310253660386 1.14544555555e-10 0.322133951797 1.0274616983e-10
0.310160996619 9.60965153201e-11 -0.322133553416 9.97843847468e-11
0.308543926145 1.32491775979e-10 -0.316739662143 1.14696039809e-10
-0.311963089302 1.19940913904e-10 0.323217100613 1.03359753305e-10
-0.310254716245 1.13071832014e-10 0.319741074384 1.19276657776e-10
-0.310161924658 9.5707681472e-11 -0.323218038352 1.01560948587e-10
-0.308542573175 1.29213939972e-10 -0.319738912776 1.1501777307e-10
-0.311079485623 1.01355021957e-10 -0.318615132145 9.4964875632e-11
-0.31129758272 9.33356070554e-11 -0.317394536208 9.26846479256e-11
-0.311445281331 1.10396401103e-10 -0.317513780181 9.4183293748e-11
0.306635798264 8.72610719317e-11 0.321534759296 9.0445987136e-11
0.311082296193 1.01293430718e-10 0.317396649706 9.27372289525e-11
0.311298915729 9.36247990096e-11 0.317516307316 9.45788177225e-11
0.311445571655 1.11624674382e-10 -0.316620527938 9.43089086382e-11
-0.327336114284 1.20298465985e-10 -0.317624890025 8.78448706825e-11
0.32733611406 1.20027411298e-10 0.316623631843 9.21480797214e-11
0.309415988819 9.16484160823e-11 -0.32153505897 8.73331538092e-11
-0.30662665236 8.49198281288e-11 0.31762920687 8.6490196482e-11
-0.309415474998 8.94051237325e-11 -0.317789432251 9.19619231248e-11
0.313138500051 8.70138045036e-11 -0.32270383692 1.13333277177e-10
-0.312050843502 1.03230655032e-10 0.322703329869 1.13587772942e-10
-0.313133473587 8.61900517872e-11 -0.316529716361 8.23258303792e-11
0.30844118298 9.01151103847e-11 0.317789240119 8.73476610437e-11
0.312053476069 1.05446521053e-10 -0.321269665015 8.48421326923e-11
0.315960214945 1.01375519881e-10 0.319167410008 1.1076469514e-10
-0.315960111714 1.00445342107e-10 0.319385307776 1.37761504133e-10
-0.308440419651 8.81669917837e-11 0.316526976237 8.15604366434e-11
0.31215531004 8.09411584748e-11 -0.319147253427 1.47290083469e-10
-0.306541760533 7.89964600947e-11 -0.319380954315 1.25256676869e-10
-0.312153579327 7.94094782604e-11 0.31846993895 7.88318080721e-11
0.312260288198 7.44850269139e-11 0.320929944813 7.74338135646e-11
-0.312257614924 7.41733930445e-11 -0.319884933554 8.75437064313e-11
0.289757039547 8.69670844563e-11 0.31992993901 7.69035076569e-11
-0.289757042917 8.67287339083e-11 0.32123653826 8.90717684089e-11
-0.308754478628 9.82518970788e-11 0.325852459343 9.2868123517e-11
0.307522133772 7.76238137626e-11 -0.319964091635 7.49338936155e-11
0.30766791162 8.64329374843e-11 -0.320111264553 9.95477156122e-11
0.308753642814 9.94381435454e-11 -0.325851492365 9.10240442773e-11
0.31321989478 7.21024462196e-11 -0.319050338082 9.44665460661e-11
-0.307681104516 8.21183628768e-11 -0.318531508556 7.9829730448e-11
0.306558015172 7.74908572295e-11 -0.320929297342 6.67383689912e-11
-0.286864501693 6.76599411166e-11 0.331550406873 6.61068888209e-11
0.286864586439 6.75633305154e-11 -0.331550835917 6.60958936512e-11
-0.313213656208 7.08379793009e-11 -0.322947722951 8.40136704878e-11
0.308897534525 7.85262401891e-11 -0.322216847718 8.35261622541e-11
-0.308896793012 7.90921316307e-11 -0.321630054908 6.79862735208e-11
0.30833853173 6.41639027579e-11 -0.320501198937 8.32203030385e-11
-0.308328217877 6.28815633354e-11 0.316446749858 7.85298448809e-11
-0.308245023464 6.52497734515e-11 0.323304536712 8.55852402125e-11
0.308250560207 6.67886809743e-11 0.322953328246 8.59293763117e-11
0.304299829905 6.31796203837e-11 0.322218030468 8.70888897844e-11
-0.304298818466 6.28486569993e-11 0.323399789004 8.46686914022e-11
0.312362665923 6.08306069232e-11 0.323510112592 7.24041629759e-11
-0.31418640754 6.65350950822e-11 0.319062688571 7.59005312857e-11
-0.312359191848 6.09269250872e-11 0.328761047295 6.52609559034e-11
-0.306960305995 8.05611824241e-11 -0.328759915344 6.47810001418e-11
0.314185938129 6.6368935624e-11 -0.316454391545 7.9856675863e-11
0.306957051797 7.72253792881e-11 0.321034459109 6.09216470756e-11
-0.311779281191 5.60231711916e-11 -0.320709286706 7.06471323067e-11
0.311778845446 5.59106712362e-11 -0.321053207005 6.25361261472e-11
-0.301243592416 6.12793935812e-11 -0.337363316483 6.95426664742e-11
0.306475173227 7.86859949285e-11 -0.320301220947 6.05272893415e-11
0.306361486419 6.57389502128e-11 0.337362995633 6.95409899587e-11
0.301243641869 6.12718328578e-11 0.317077766533 8.88295561511e-11
0.308971945826 5.58302337302e-11 0.316971910722 9.05151560423e-11
0.310618354602 8.36538251539e-11 0.320124252036 9.99171855133e-11
-0.308972307925 5.50560415783e-11 0.320472445704 7.73610179569e-11
-0.310618379644 8.34075519636e-11 0.320705137934 7.74526821454e-11
0.306251134602 5.45709390153e-11 0.321316651368 7.00621395079e-11
0.309490538714 7.45520978599e-11 0.32162694231 6.51634886547e-11
0.31033831119 6.5352417308e-11 0.318910080841 9.41248999353e-11
-0.321538280055 5.10060092711e-11 0.323622684534 6.15268908324e-11
0.321539462558 5.03818659609e-11 0.314043386279 7.97135208315e-11
-0.309491778221 7.447907494e-11 -0.325573319989 5.89423710606e-11
-0.310339953653 6.37140782738e-11 -0.323295270898 8.90490302662e-11
0.310720555237 7.37205820988e-11 -0.323393666333 7.80899324171e-11
-0.307605756107 5.02190722136e-11 -0.32350302654 6.72190518267e-11
-0.310721258305 7.39821921861e-11 -0.316956338755 9.90080726213e-11
0.0 0.0 0.0 0.0
0.0 0.0 0.0 0.0
0.0 0.0 0.0 0.0
0.0 0.0 0.0 0.0
0.0 0.0 0.0 0.0
0.0 0.0 0.0 0.0
0.0 0.0 0.0 0.0
0.0 0.0 0.0 0.0
0.0 0.0 0.0 0.0
0.0 0.0 0.0 0.0
0.0 0.0 0.0 0.0
0.0 0.0 0.0 0.0
0.0 0.0 0.0 0.0
0.0 0.0 0.0 0.0
0.0 0.0 0.0 0.0
0.0 0.0 0.0 0.0
0.0 0.0 0.0 0.0
0.0 0.0 0.0 0.0
0.0 0.0 0.0 0.0
0.0 0.0 0.0 0.0
0.0 0.0 0.0 0.0
0.0 0.0 0.0 0.0
0.0 0.0 0.0 0.0
0.0 0.0 0.0 0.0
0.0 0.0 0.0 0.0
0.0 0.0 0.0 0.0
0.0 0.0 0.0 0.0
0.0 0.0 0.0 0.0
0.0 0.0 0.0 0.0
0.0 0.0 0.0 0.0
0.0 0.0 0.0 0.0
0.0 0.0 0.0 0.0
0.0 0.0 0.0 0.0
0.0 0.0 0.0 0.0
0.0 0.0 0.0 0.0
0.0 0.0 0.0 0.0
0.0 0.0 0.0 0.0
0.0 0.0 0.0 0.0
0.0 0.0 0.0 0.0
0.0 0.0 0.0 0.0
0.0 0.0 0.0 0.0
0.0 0.0 0.0 0.0
0.0 0.0 0.0 0.0
0.0 0.0 0.0 0.0
0.0 0.0 0.0 0.0
0.0 0.0 0.0 0.0
0.0 0.0 0.0 0.0
0.0 0.0 0.0 0.0
0.0 0.0 0.0 0.0
0.0 0.0 0.0 0.0
0.0 0.0 0.0 0.0
0.0 0.0 0.0 0.0
0.0 0.0 0.0 0.0
0.0 0.0 0.0 0.0
0.0 0.0 0.0 0.0
0.0 0.0 0.0 0.0
0.0 0.0 0.0 0.0
0.0 0.0 0.0 0.0
0.0 0.0 0.0 0.0
0.0 0.0 0.0 0.0
0.0 0.0 0.0 0.0
0.0 0.0 0.0 0.0
0.0 0.0 0.0 0.0
0.0 0.0 0.0 0.0
0.0 0.0 0.0 0.0
0.0 0.0 0.0 0.0
0.0 0.0 0.0 0.0
0.0 0.0 0.0 0.0
0.0 0.0 0.0 0.0
0.0 0.0 0.0 0.0
0.0 0.0 0.0 0.0
0.0 0.0 0.0 0.0
0.0 0.0 0.0 0.0
0.0 0.0 0.0 0.0
0.0 0.0 0.0 0.0
0.0 0.0 0.0 0.0
0.0 0.0 0.0 0.0
0.0 0.0 0.0 0.0
0.0 0.0 0.0 0.0
0.0 0.0 0.0 0.0
0.0 0.0 0.0 0.0
0.0 0.0 0.0 0.0
0.0 0.0 0.0 0.0
0.0 0.0 0.0 0.0
0.0 0.0 0.0 0.0
0.0 0.0 0.0 0.0
0.0 0.0 0.0 0.0
0.0 0.0 0.0 0.0
0.0 0.0 0.0 0.0
0.0 0.0 0.0 0.0
0.0 0.0 0.0 0.0
0.0 0.0 0.0 0.0
0.0 0.0 0.0 0.0
0.0 0.0 0.0 0.0
0.0 0.0 0.0 0.0
0.0 0.0 0.0 0.0
0.0 0.0 0.0 0.0
0.0 0.0 0.0 0.0
0.0 0.0 0.0 0.0
0.0 0.0 0.0 0.0
0.0 0.0 0.0 0.0
0.0 0.0 0.0 0.0
0.0 0.0 0.0 0.0
0.0 0.0 0.0 0.0
0.0 0.0 0.0 0.0
0.0 0.0 0.0 0.0
0.0 0.0 0.0 0.0
0.0 0.0 0.0 0.0
0.0 0.0 0.0 0.0
0.0 0.0 0.0 0.0
0.0 0.0 0.0 0.0
0.0 0.0 0.0 0.0
0.0 0.0 0.0 0.0
0.0 0.0 0.0 0.0
0.0 0.0 0.0 0.0
0.0 0.0 0.0 0.0
0.0 0.0 0.0 0.0
0.0 0.0 0.0 0.0
0.0 0.0 0.0 0.0
0.0 0.0 0.0 0.0
0.0 0.0 0.0 0.0
0.0 0.0 0.0 0.0
0.0 0.0 0.0 0.0
0.0 0.0 0.0 0.0
0.0 0.0 0.0 0.0
0.0 0.0 0.0 0.0
0.0 0.0 0.0 0.0
0.0 0.0 0.0 0.0
0.0 0.0 0.0 0.0
0.0 0.0 0.0 0.0
0.0 0.0 0.0 0.0
0.0 0.0 0.0 0.0
0.0 0.0 0.0 0.0
0.0 0.0 0.0 0.0
0.0 0.0 0.0 0.0
0.0 0.0 0.0 0.0
0.0 0.0 0.0 0.0
0.0 0.0 0.0 0.0
0.0 0.0 0.0 0.0
0.0 0.0 0.0 0.0
0.0 0.0 0.0 0.0
0.0 0.0 0.0 0.0
0.0 0.0 0.0 0.0
0.0 0.0 0.0 0.0
0.0 0.0 0.0 0.0
0.0 0.0 0.0 0.0
0.0 0.0 0.0 0.0
0.0 0.0 0.0 0.0
0.0 0.0 0.0 0.0
0.0 0.0 0.0 0.0
0.0 0.0 0.0 0.0
0.0 0.0 0.0 0.0
0.0 0.0 0.0 0.0
0.0 0.0 0.0 0.0
0.0 0.0 0.0 0.0
0.0 0.0 0.0 0.0
0.0 0.0 0.0 0.0
0.0 0.0 0.0 0.0
0.0 0.0 0.0 0.0
0.0 0.0 0.0 0.0
0.0 0.0 0.0 0.0
0.0 0.0 0.0 0.0
0.0 0.0 0.0 0.0
0.0 0.0 0.0 0.0
0.0 0.0 0.0 0.0
0.0 0.0 0.0 0.0
0.0 0.0 0.0 0.0
0.0 0.0 0.0 0.0
0.0 0.0 0.0 0.0
0.0 0.0 0.0 0.0
0.0 0.0 0.0 0.0
0.0 0.0 0.0 0.0
0.0 0.0 0.0 0.0
0.0 0.0 0.0 0.0
0.0 0.0 0.0 0.0
0.0 0.0 0.0 0.0
0.0 0.0 0.0 0.0
0.0 0.0 0.0 0.0
0.0 0.0 0.0 0.0
0.0 0.0 0.0 0.0
0.0 0.0 0.0 0.0
0.0 0.0 0.0 0.0
0.0 0.0 0.0 0.0
0.0 0.0 0.0 0.0
0.0 0.0 0.0 0.0
0.0 0.0 0.0 0.0
0.0 0.0 0.0 0.0
0.0 0.0 0.0 0.0
0.0 0.0 0.0 0.0
0.0 0.0 0.0 0.0
0.0 0.0 0.0 0.0
0.0 0.0 0.0 0.0
0.0 0.0 0.0 0.0
0.0 0.0 0.0 0.0
0.0 0.0 0.0 0.0
0.0 0.0 0.0 0.0
0.0 0.0 0.0 0.0
0.0 0.0 0.0 0.0
0.0 0.0 0.0 0.0
0.0 0.0 0.0 0.0
0.0 0.0 0.0 0.0
0.0 0.0 0.0 0.0
0.0 0.0 0.0 0.0
0.0 0.0 0.0 0.0
0.0 0.0 0.0 0.0
0.0 0.0 0.0 0.0
0.0 0.0 0.0 0.0
0.0 0.0 0.0 0.0
0.0 0.0 0.0 0.0
0.0 0.0 0.0 0.0
0.0 0.0 0.0 0.0
0.0 0.0 0.0 0.0
0.0 0.0 0.0 0.0
0.0 0.0 0.0 0.0
0.0 0.0 0.0 0.0
0.0 0.0 0.0 0.0
0.0 0.0 0.0 0.0
0.0 0.0 0.0 0.0
0.0 0.0 0.0 0.0
0.0 0.0 0.0 0.0
0.0 0.0 0.0 0.0
0.0 0.0 0.0 0.0
0.0 0.0 0.0 0.0
0.0 0.0 0.0 0.0
0.0 0.0 0.0 0.0
0.0 0.0 0.0 0.0
0.0 0.0 0.0 0.0
0.0 0.0 0.0 0.0
0.0 0.0 0.0 0.0
0.0 0.0 0.0 0.0
0.0 0.0 0.0 0.0
0.0 0.0 0.0 0.0
0.0 0.0 0.0 0.0
0.0 0.0 0.0 0.0
0.0 0.0 0.0 0.0
0.0 0.0 0.0 0.0
0.0 0.0 0.0 0.0
0.0 0.0 0.0 0.0
0.0 0.0 0.0 0.0
0.0 0.0 0.0 0.0
0.0 0.0 0.0 0.0
0.0 0.0 0.0 0.0
0.0 0.0 0.0 0.0
0.0 0.0 0.0 0.0
0.0 0.0 0.0 0.0
0.0 0.0 0.0 0.0
0.0 0.0 0.0 0.0
0.0 0.0 0.0 0.0
0.0 0.0 0.0 0.0
0.0 0.0 0.0 0.0
0.0 0.0 0.0 0.0
0.0 0.0 0.0 0.0
0.0 0.0 0.0 0.0
0.0 0.0 0.0 0.0
0.0 0.0 0.0 0.0
0.0 0.0 0.0 0.0
0.0 0.0 0.0 0.0
0.0 0.0 0.0 0.0
0.0 0.0 0.0 0.0
0.0 0.0 0.0 0.0
0.0 0.0 0.0 0.0
0.0 0.0 0.0 0.0
0.0 0.0 0.0 0.0
0.0 0.0 0.0 0.0
0.0 0.0 0.0 0.0
0.0 0.0 0.0 0.0
0.0 0.0 0.0 0.0
0.0 0.0 0.0 0.0
0.0 0.0 0.0 0.0
0.0 0.0 0.0 0.0
0.0 0.0 0.0 0.0
0.0 0.0 0.0 0.0
0.0 0.0 0.0 0.0
0.0 0.0 0.0 0.0
0.0 0.0 0.0 0.0
0.0 0.0 0.0 0.0
0.0 0.0 0.0 0.0
0.0 0.0 0.0 0.0
0.0 0.0 0.0 0.0
0.0 0.0 0.0 0.0
0.0 0.0 0.0 0.0
0.0 0.0 0.0 0.0
0.0 0.0 0.0 0.0
0.0 0.0 0.0 0.0
0.0 0.0 0.0 0.0
0.0 0.0 0.0 0.0
0.0 0.0 0.0 0.0
0.0 0.0 0.0 0.0
0.0 0.0 0.0 0.0
0.0 0.0 0.0 0.0
0.0 0.0 0.0 0.0
0.0 0.0 0.0 0.0
0.0 0.0 0.0 0.0
0.0 0.0 0.0 0.0
0.0 0.0 0.0 0.0
0.0 0.0 0.0 0.0
0.0 0.0 0.0 0.0
0.0 0.0 0.0 0.0
0.0 0.0 0.0 0.0
0.0 0.0 0.0 0.0
calling sussix 32768 8192
fft tunes bunch no 900  :  0.3095703125 0.680053710938 14598144 14598144 2 2 

sussix tunes bunch no 900  :  [ 0.30974995  0.31976461] 

[  4.46794185e-07   0.00000000e+00   0.00000000e+00   4.50178567e-07
   0.00000000e+00   0.00000000e+00   0.00000000e+00   0.00000000e+00
   0.00000000e+00   0.00000000e+00   0.00000000e+00   0.00000000e+00
   0.00000000e+00   0.00000000e+00]
0.309749948697 4.46794184676e-07 0.319764606911 4.50178567175e-07
-0.309749968872 4.46783832669e-07 -0.319764594299 4.50174758706e-07
-0.309666016365 2.03133862097e-07 -0.31996917565 7.08886305159e-08
0.309665999396 2.03141021461e-07 0.319969102647 7.08669028415e-08
0.309817360315 1.41414131022e-07 0.320061829641 3.82395430301e-08
-0.309817358995 1.4138673807e-07 -0.320061847833 3.82030575019e-08
0.309588769497 5.85211280312e-08 -0.319662256081 4.30175266389e-08
-0.309588754503 5.85131636404e-08 0.319662269181 4.29984195124e-08
0.309955949738 3.69200539368e-08 0.319850838743 2.97149978144e-08
-0.309955988166 3.69109465575e-08 -0.319850877569 2.96921421044e-08
-0.309477140446 1.38846125582e-08 0.319559517935 1.3422455184e-08
-0.309721557377 1.41918215046e-08 -0.3195594323 1.34208000473e-08
0.30947713489 1.3874486499e-08 0.320144842445 1.49045887496e-08
0.309721554913 1.4198519432e-08 -0.32014482118 1.48993017806e-08
0.307079300905 6.97005954419e-09 -0.319934406468 9.8607349504e-09
-0.307079304772 6.96996278605e-09 0.319934387986 9.85467141652e-09
0.31015562434 5.73340524633e-09 -0.319476881755 7.82169648224e-09
-0.310155645248 5.73207908706e-09 0.319476974912 7.82577705968e-09
-0.309375579388 5.9026857757e-09 -0.319790161756 6.92830191599e-09
-0.309857055771 5.59498731647e-09 0.319790182235 6.92396130482e-09
0.309375578446 5.89840128292e-09 0.320244634995 7.01079385118e-09
0.309856949016 5.59303635134e-09 -0.320244646432 7.00706195531e-09
0.312858066687 3.90584729834e-09 0.317075510686 7.18535273898e-09
-0.312858100101 3.90542455867e-09 -0.317075508972 7.18518346901e-09
0.315781904864 3.042088446e-09 -0.319637644574 4.79303878949e-09
-0.315781900729 3.04205890996e-09 -0.320336153759 3.99840736704e-09
0.310267240372 3.13070238638e-09 0.319637686734 4.78771682173e-09
0.310058685333 2.87379775028e-09 0.320336153377 3.99901066773e-09
0.309289420379 3.49613086773e-09 0.319405589194 4.87038874753e-09
-0.310267168176 3.13067500156e-09 -0.319405554714 4.86743397691e-09
-0.310058785608 2.87204735333e-09 0.320427573435 2.81329510625e-09
-0.309289416416 3.49691872276e-09 -0.320427576841 2.8123201234e-09
-0.309191478054 2.48648929933e-09 0.320023247537 2.92147059386e-09
0.309191429307 2.48539283476e-09 -0.320023117254 2.91786292402e-09
0.309954365738 2.00633714748e-09 0.319307736914 2.86498293787e-09
-0.309954448499 2.00743049572e-09 -0.319307697926 2.86411650448e-09
-0.309541599952 2.01266325551e-09 0.319206041731 1.91917241822e-09
0.309541626895 2.00935165988e-09 -0.319205957591 1.91854968683e-09
-0.30909121414 1.82105786411e-09 -0.320120573545 2.80027819655e-09
0.309091181942 1.82018750831e-09 0.320120588504 2.80225133798e-09
-0.309432296021 1.63893575234e-09 0.319545468081 2.11925351803e-09
0.30943225268 1.63744475156e-09 -0.319545386966 2.11860437221e-09
-0.310368070655 2.2967627427e-09 -0.320215644566 1.75013570067e-09
0.310368144387 2.29836535304e-09 0.320215685515 1.74755013955e-09
-0.310161458714 1.32167865673e-09 0.320504052008 2.10339214467e-09
0.31016156238 1.31961655423e-09 -0.320504057898 2.10184085328e-09
-0.308986396326 1.3477556703e-09 -0.319110933279 1.51829302802e-09
0.308986378761 1.34714336713e-09 0.319111047807 1.51913889013e-09
-0.310464964252 1.37528440104e-09 -0.325762971 1.48197551473e-09
0.310465306815 1.37473426037e-09 0.325762958935 1.48174930115e-09
-0.31054842341 1.10731368153e-09 -0.314194825428 1.16035283285e-09
0.310548715835 1.10500584066e-09 0.314194832519 1.16012168185e-09
0.310270161287 1.19264884415e-09 0.319675687052 1.0662108573e-09
0.309646471834 1.4439573017e-09 0.319461978414 1.07326274917e-09
-0.310270123622 1.19219273315e-09 -0.31967552197 1.06541343691e-09
-0.309646472801 1.44147007698e-09 -0.319461836961 1.07292601664e-09
-0.309335379413 9.07040452997e-10 0.32060328097 1.3788175472e-09
0.309335375397 9.06570576193e-10 -0.320603282356 1.37789228024e-09
0.31063286433 9.53138204103e-10 0.320700188427 1.03776345475e-09
-0.31063265644 9.54626244947e-10 -0.320700177751 1.03726929171e-09
-0.308896582498 9.7550503386e-10 0.320793942446 8.31427840621e-10
0.308896606914 9.74976295758e-10 0.319020006116 1.19302334003e-09
-0.309824991184 7.56129772061e-10 -0.319020341459 1.18607001898e-09
0.309824878306 7.5307930773e-10 -0.320794965516 8.39309496723e-10
-0.308809936727 7.61849535301e-10 0.320022755356 1.05584376275e-09
-0.308709571368 7.01901512376e-10 0.319901073084 9.55545494641e-10
0.308809963668 7.61785517582e-10 -0.320022668122 1.05372532297e-09
0.308709550836 7.01725685942e-10 -0.319900778802 9.58322689964e-10
-0.310059748617 5.99572257299e-10 0.320345139228 7.7699912073e-10
0.310059714176 5.98105645702e-10 -0.320345473818 7.78371539361e-10
-0.309566981434 5.75010136362e-10 -0.318927647026 8.9903101848e-10
0.309566907187 5.73894895152e-10 -0.318831303551 7.41063085035e-10
-0.309228325657 5.69921384533e-10 0.318926986134 9.00017568897e-10
0.309228271528 5.69653422036e-10 0.318830352698 7.38911524016e-10
0.310735566656 7.53898575584e-10 0.322918973594 8.12051350548e-10
0.310395407822 5.98191160475e-10 -0.322918943584 8.11261431136e-10
-0.310735440014 7.53703369883e-10 0.319361811902 6.52115524518e-10
-0.310395174271 5.97839014859e-10 -0.319362232667 6.48601497214e-10
-0.308617370902 5.38472887129e-10 -0.320882644853 6.97751178818e-10
0.308617352738 5.38349388462e-10 -0.320431831189 5.97999519431e-10
-0.310836828028 5.98281368436e-10 -0.319814925021 5.99442300751e-10
0.307027359888 4.63447874814e-10 -0.319587883051 6.00940913265e-10
0.310837073592 5.97243637394e-10 0.320880295614 6.97172562289e-10
-0.307027694069 4.62583815129e-10 0.320430752501 5.99089120484e-10
-0.310929436595 4.47443676999e-10 0.319815535107 6.01941026779e-10
0.310930084322 4.4615296223e-10 0.319587893794 6.02999657423e-10
0.309733530723 4.91928042074e-10 0.318744381816 6.0522855195e-10
-0.309733647454 4.91926681431e-10 -0.318745327086 6.08220643828e-10
0.311022485952 4.1493913236e-10 -0.320119066095 7.56533837974e-10
-0.311021997786 4.15521811294e-10 0.320119350758 7.5273001349e-10
-0.310316821292 4.06978776293e-10 -0.320531685461 4.64137566836e-10
0.310316965065 4.05577281297e-10 0.320530508582 4.65927981145e-10
0.309430160821 3.92809703632e-10 0.319272144336 5.19231495334e-10
0.309129337005 3.93791126192e-10 0.320970218651 6.1168340251e-10
-0.309430083093 3.92752891361e-10 0.321067768016 4.73468515772e-10
-0.309129459874 3.94217633808e-10 0.319176234542 5.33186034374e-10
0.311259932439 3.97913140746e-10 -0.319272966544 5.18078180134e-10
-0.311259746356 3.98044669687e-10 -0.319175732433 5.20779468761e-10
0.311149851418 3.70907307756e-10 -0.320972313073 6.17175097999e-10
-0.311149616179 3.70704792771e-10 -0.321071108936 4.73666059133e-10
-0.310169959565 3.57015105844e-10 0.321162896867 3.8807950301e-10
0.31016961036 3.57310275987e-10 -0.321167029138 3.86347144396e-10
0.304219102788 3.43067374926e-10 -0.317019432197 3.58244140145e-10
-0.304219111275 3.43057795891e-10 0.317019779333 3.58098406238e-10
-0.30131374614 4.31323479205e-10 0.318662958152 4.66908789796e-10
0.301313748067 4.31336914686e-10 -0.318663776041 4.69873173299e-10
-0.309045640087 4.15918137636e-10 0.311314717405 3.90128968878e-10
0.309045537807 4.15700569192e-10 -0.311314787113 3.90241516342e-10
-0.308528605969 4.08937727624e-10 0.319713328737 3.2819626762e-10
0.30852861954 4.08791008859e-10 0.320300558193 3.30065934436e-10
-0.309939334575 3.01174548458e-10 0.319931986763 3.38588015199e-10
-0.310657197751 3.07715112579e-10 0.319092097271 3.25087615486e-10
-0.310496771086 3.63112417467e-10 -0.319713211397 3.25745109455e-10
0.309939068681 3.00166553339e-10 -0.320295380934 3.26987871123e-10
0.310656832303 3.07531195712e-10 -0.319931297818 3.38610717645e-10
0.310497061304 3.63974484509e-10 -0.318566238407 3.95942219093e-10
-0.308952196906 3.02693006152e-10 -0.318466742394 3.3140376024e-10
0.308952083171 3.02490309375e-10 0.318564514147 3.84814836562e-10
0.318661457227 4.4911167083e-10 0.318467400054 3.20449874978e-10
-0.318661469894 4.49104662446e-10 -0.321255012835 3.65046078833e-10
0.308441628632 3.18057786782e-10 -0.319090356006 3.06205946889e-10
0.308345637295 2.95939793288e-10 0.321251153586 3.76170770347e-10
-0.308441566248 3.18149909408e-10 0.322800706517 3.88098185841e-10
-0.30834561985 2.9608996811e-10 -0.322800877133 3.88754046764e-10
-0.312785161463 3.45722533955e-10 -0.318378450025 2.88654405525e-10
0.31278515515 3.44693582596e-10 0.328645476551 2.97519580776e-10
-0.309341112082 2.70312304376e-10 -0.328645522266 2.97562767263e-10
0.309341079764 2.70239856352e-10 0.318377393453 2.75648370512e-10
-0.308247925495 2.40627637488e-10 0.320215106643 2.83673377046e-10
0.308247910361 2.40428229508e-10 -0.320211575485 2.76054256674e-10
-0.310409339468 2.36070976846e-10 0.319369406501 2.86106583386e-10
0.310409566341 2.35076123331e-10 0.319484684791 2.81454045439e-10
0.298421890553 2.54788399564e-10 -0.319368895799 2.82237320789e-10
-0.298421893068 2.54786884978e-10 -0.319485222749 2.78125063414e-10
-0.309490065332 2.65225254957e-10 0.317159079186 2.30260107026e-10
0.309490065561 2.6466733943e-10 -0.317158797717 2.29012413131e-10
0.311484707321 2.81324946449e-10 -0.320893699787 2.42192448806e-10
0.31135925061 3.54208037008e-10 -0.32078847777 2.56688348345e-10
-0.311484582533 2.81384199344e-10 -0.320633666202 2.70647623416e-10
-0.311359119904 3.54142106954e-10 -0.320029376497 2.69263982647e-10
0.309841376201 2.19312043378e-10 0.320894575252 2.35216748239e-10
-0.309841643665 2.19231674843e-10 0.320795210192 2.53681236993e-10
0.310739954832 2.37819122102e-10 0.320626388391 2.72060182148e-10
0.310551669762 1.96895247831e-10 0.320029252832 2.74142642076e-10
-0.310740293508 2.37481003738e-10 -0.308432479597 2.50803843256e-10
-0.310551721712 1.98570937336e-10 0.32302797033 2.2495361028e-10
0.307152483254 2.00580789634e-10 0.308432260296 2.50219395013e-10
-0.307152898688 1.99066331155e-10 -0.323028758403 2.23654465396e-10
0.310051182937 1.86098619037e-10 0.321341489488 3.35182071074e-10
-0.310051357073 1.85676692638e-10 0.321438948614 2.34913367402e-10
-0.311568958848 2.68177580815e-10 0.321566579769 2.25539984111e-10
0.311569090122 2.68101388567e-10 0.321665056784 1.97244242968e-10
-0.309665849246 1.82882025552e-10 -0.318285461092 2.66240836593e-10
0.309665871771 1.82334473842e-10 -0.321342996914 3.34867226261e-10
0.309159153159 1.98668617178e-10 -0.321440212709 2.34283120253e-10
0.311681675036 2.05200164574e-10 -0.321566689147 2.27968437076e-10
-0.309159181122 1.98653191989e-10 -0.32166715356 1.96580637385e-10
-0.311681527271 2.05362012307e-10 0.3182890273 2.68152638708e-10
0.315857727878 2.93924635129e-10 -0.325688641134 1.76595711403e-10
-0.315857723625 2.93807349435e-10 0.325688787851 1.76138408093e-10
0.31290431855 1.96770403802e-10 -0.319019547854 2.56604591629e-10
-0.308160581275 2.07054448366e-10 -0.319831861066 1.75949236951e-10
-0.308726845195 1.60341231953e-10 -0.321758667007 1.7476107171e-10
-0.308843233201 1.62110642062e-10 0.321756941083 1.7444370108e-10
-0.31290304265 1.95315940288e-10 0.320717884194 2.32259040276e-10
0.308161215689 2.0762497516e-10 0.319288396176 2.60825213386e-10
0.308727276609 1.59579302753e-10 -0.320458923735 1.77589006819e-10
0.308843510193 1.61606056983e-10 -0.320709793245 2.05742615057e-10
-0.311790958878 1.48508080682e-10 0.318191137699 2.26260097045e-10
0.311791239663 1.48281918619e-10 0.318080310111 1.90097394201e-10
0.308060978683 1.84066178513e-10 0.318888443549 2.00831331406e-10
0.30796149899 1.54699261406e-10 0.31900254066 2.30387611821e-10
-0.308060549939 1.85019579328e-10 0.319838248557 1.65544195088e-10
-0.307960940837 1.55187147106e-10 -0.318187473993 2.36726719128e-10
-0.311879137587 1.34660193627e-10 -0.318073974215 1.96057043117e-10
0.311879382485 1.34387258049e-10 0.320472744032 1.74375283212e-10
0.309255236318 1.9045158721e-10 0.323126509454 1.46555119571e-10
-0.309255292804 1.90583866649e-10 -0.31429229914 1.79206724032e-10
-0.307863920505 1.28030583052e-10 0.314291448396 1.78476591967e-10
0.307864701459 1.27730301949e-10 -0.323126805407 1.44152137741e-10
-0.324440674525 1.29893566807e-10 0.32082325979 1.57509570086e-10
0.324440660498 1.29904428259e-10 0.320964387368 2.10847293487e-10
0.306946928767 1.75493500715e-10 0.317977969975 1.43810586995e-10
0.308641229169 1.65757932303e-10 -0.317972279552 1.47621054211e-10
0.310821115377 1.38020683037e-10 -0.316940900794 1.71558464072e-10
-0.306946129675 1.7360270145e-10 0.321062037238 1.35588374795e-10
-0.30864112033 1.66854990701e-10 -0.317879236909 1.32184074587e-10
-0.310821292686 1.36538073928e-10 0.316946497399 1.74283970153e-10
-0.311237386974 1.45857428671e-10 -0.319278823942 2.35747267306e-10
-0.310913488132 1.17245812421e-10 -0.319615100291 1.7145535096e-10
0.311237587428 1.45858740192e-10 -0.318919231294 2.30083098489e-10
0.310913698248 1.17247486088e-10 -0.318805718481 1.74362381114e-10
0.307257621364 1.15022675306e-10 -0.320827204624 1.60024642003e-10
-0.307257891955 1.14345630298e-10 -0.320964145914 2.20437113162e-10
0.315714513289 1.25410589324e-10 0.319627253486 1.7922755192e-10
-0.315714485384 1.25334443956e-10 0.318797040686 2.30544492752e-10
0.306850695626 1.28654033556e-10 -0.321072038295 1.34202876619e-10
-0.306850263934 1.28647313314e-10 0.317888960153 1.24963066016e-10
-0.307772839088 1.16593587507e-10 0.321150622613 1.23599238148e-10
-0.295559798884 1.10062419928e-10 0.317264518982 1.16570154542e-10
0.295559936926 1.10035702443e-10 -0.320367576032 1.96100635946e-10
0.307386474866 1.0345758759e-10 -0.32060213359 1.34981723152e-10
0.30776849435 1.13685370328e-10 -0.32116366528 1.18294257243e-10
-0.309054230564 1.17627071013e-10 -0.32183411699 1.36007424812e-10
0.309054866154 1.16373315015e-10 -0.321924542405 1.3071810724e-10
0.306733565704 1.10111672044e-10 -0.322027545585 1.13790172791e-10
-0.306737277029 1.06495333646e-10 -0.314133275135 1.45408116709e-10
-0.30411909079 1.34122954589e-10 0.321835068482 1.41423732119e-10
-0.309582579305 1.02481759028e-10 0.321927548327 1.32025821499e-10
0.309582354325 1.01841487041e-10 0.322029141709 1.15222459631e-10
0.30411980154 1.35170180342e-10 0.314133703338 1.44887082799e-10
0.313027972637 1.17626443207e-10 0.320604118963 1.19274194827e-10
0.312651057749 1.06332387627e-10 -0.318696804278 1.17061328831e-10
-0.307393743711 1.037415101e-10 -0.316853545878 1.46996448422e-10
-0.309719320378 1.06813770435e-10 -0.317265142112 1.16922740231e-10
-0.309949700741 9.98130811227e-11 0.316851751675 1.5282703118e-10
-0.313027500186 1.15132976488e-10 0.305544782333 1.06854996149e-10
-0.312652718666 1.06126027732e-10 -0.305544521465 1.06250827381e-10
0.309720234289 1.05815421977e-10 0.320382986323 1.82049165091e-10
0.309950675282 9.90818673859e-11 0.318685516093 1.38297700243e-10
-0.307514273277 9.33422845383e-11 0.318575444882 1.1740162006e-10
0.311963564739 1.2021466786e-10 0.316744443624 1.17776096717e-10
0.310253660386 1.14544555555e-10 0.322133951797 1.0274616983e-10
0.310160996619 9.60965153201e-11 -0.322133553416 9.97843847468e-11
0.308543926145 1.32491775979e-10 -0.316739662143 1.14696039809e-10
-0.311963089302 1.19940913904e-10 0.323217100613 1.03359753305e-10
-0.310254716245 1.13071832014e-10 0.319741074384 1.19276657776e-10
-0.310161924658 9.5707681472e-11 -0.323218038352 1.01560948587e-10
-0.308542573175 1.29213939972e-10 -0.319738912776 1.1501777307e-10
-0.311079485623 1.01355021957e-10 -0.318615132145 9.4964875632e-11
-0.31129758272 9.33356070554e-11 -0.317394536208 9.26846479256e-11
-0.311445281331 1.10396401103e-10 -0.317513780181 9.4183293748e-11
0.306635798264 8.72610719317e-11 0.321534759296 9.0445987136e-11
0.311082296193 1.01293430718e-10 0.317396649706 9.27372289525e-11
0.311298915729 9.36247990096e-11 0.317516307316 9.45788177225e-11
0.311445571655 1.11624674382e-10 -0.316620527938 9.43089086382e-11
-0.327336114284 1.20298465985e-10 -0.317624890025 8.78448706825e-11
0.32733611406 1.20027411298e-10 0.316623631843 9.21480797214e-11
0.309415988819 9.16484160823e-11 -0.32153505897 8.73331538092e-11
-0.30662665236 8.49198281288e-11 0.31762920687 8.6490196482e-11
-0.309415474998 8.94051237325e-11 -0.317789432251 9.19619231248e-11
0.313138500051 8.70138045036e-11 -0.32270383692 1.13333277177e-10
-0.312050843502 1.03230655032e-10 0.322703329869 1.13587772942e-10
-0.313133473587 8.61900517872e-11 -0.316529716361 8.23258303792e-11
0.30844118298 9.01151103847e-11 0.317789240119 8.73476610437e-11
0.312053476069 1.05446521053e-10 -0.321269665015 8.48421326923e-11
0.315960214945 1.01375519881e-10 0.319167410008 1.1076469514e-10
-0.315960111714 1.00445342107e-10 0.319385307776 1.37761504133e-10
-0.308440419651 8.81669917837e-11 0.316526976237 8.15604366434e-11
0.31215531004 8.09411584748e-11 -0.319147253427 1.47290083469e-10
-0.306541760533 7.89964600947e-11 -0.319380954315 1.25256676869e-10
-0.312153579327 7.94094782604e-11 0.31846993895 7.88318080721e-11
0.312260288198 7.44850269139e-11 0.320929944813 7.74338135646e-11
-0.312257614924 7.41733930445e-11 -0.319884933554 8.75437064313e-11
0.289757039547 8.69670844563e-11 0.31992993901 7.69035076569e-11
-0.289757042917 8.67287339083e-11 0.32123653826 8.90717684089e-11
-0.308754478628 9.82518970788e-11 0.325852459343 9.2868123517e-11
0.307522133772 7.76238137626e-11 -0.319964091635 7.49338936155e-11
0.30766791162 8.64329374843e-11 -0.320111264553 9.95477156122e-11
0.308753642814 9.94381435454e-11 -0.325851492365 9.10240442773e-11
0.31321989478 7.21024462196e-11 -0.319050338082 9.44665460661e-11
-0.307681104516 8.21183628768e-11 -0.318531508556 7.9829730448e-11
0.306558015172 7.74908572295e-11 -0.320929297342 6.67383689912e-11
-0.286864501693 6.76599411166e-11 0.331550406873 6.61068888209e-11
0.286864586439 6.75633305154e-11 -0.331550835917 6.60958936512e-11
-0.313213656208 7.08379793009e-11 -0.322947722951 8.40136704878e-11
0.308897534525 7.85262401891e-11 -0.322216847718 8.35261622541e-11
-0.308896793012 7.90921316307e-11 -0.321630054908 6.79862735208e-11
0.30833853173 6.41639027579e-11 -0.320501198937 8.32203030385e-11
-0.308328217877 6.28815633354e-11 0.316446749858 7.85298448809e-11
-0.308245023464 6.52497734515e-11 0.323304536712 8.55852402125e-11
0.308250560207 6.67886809743e-11 0.322953328246 8.59293763117e-11
0.304299829905 6.31796203837e-11 0.322218030468 8.70888897844e-11
-0.304298818466 6.28486569993e-11 0.323399789004 8.46686914022e-11
0.312362665923 6.08306069232e-11 0.323510112592 7.24041629759e-11
-0.31418640754 6.65350950822e-11 0.319062688571 7.59005312857e-11
-0.312359191848 6.09269250872e-11 0.328761047295 6.52609559034e-11
-0.306960305995 8.05611824241e-11 -0.328759915344 6.47810001418e-11
0.314185938129 6.6368935624e-11 -0.316454391545 7.9856675863e-11
0.306957051797 7.72253792881e-11 0.321034459109 6.09216470756e-11
-0.311779281191 5.60231711916e-11 -0.320709286706 7.06471323067e-11
0.311778845446 5.59106712362e-11 -0.321053207005 6.25361261472e-11
-0.301243592416 6.12793935812e-11 -0.337363316483 6.95426664742e-11
0.306475173227 7.86859949285e-11 -0.320301220947 6.05272893415e-11
0.306361486419 6.57389502128e-11 0.337362995633 6.95409899587e-11
0.301243641869 6.12718328578e-11 0.317077766533 8.88295561511e-11
0.308971945826 5.58302337302e-11 0.316971910722 9.05151560423e-11
0.310618354602 8.36538251539e-11 0.320124252036 9.99171855133e-11
-0.308972307925 5.50560415783e-11 0.320472445704 7.73610179569e-11
-0.310618379644 8.34075519636e-11 0.320705137934 7.74526821454e-11
0.306251134602 5.45709390153e-11 0.321316651368 7.00621395079e-11
0.309490538714 7.45520978599e-11 0.32162694231 6.51634886547e-11
0.31033831119 6.5352417308e-11 0.318910080841 9.41248999353e-11
-0.321538280055 5.10060092711e-11 0.323622684534 6.15268908324e-11
0.321539462558 5.03818659609e-11 0.314043386279 7.97135208315e-11
-0.309491778221 7.447907494e-11 -0.325573319989 5.89423710606e-11
-0.310339953653 6.37140782738e-11 -0.323295270898 8.90490302662e-11
0.310720555237 7.37205820988e-11 -0.323393666333 7.80899324171e-11
-0.307605756107 5.02190722136e-11 -0.32350302654 6.72190518267e-11
-0.310721258305 7.39821921861e-11 -0.316956338755 9.90080726213e-11
0.0 0.0 0.0 0.0
0.0 0.0 0.0 0.0
0.0 0.0 0.0 0.0
0.0 0.0 0.0 0.0
0.0 0.0 0.0 0.0
0.0 0.0 0.0 0.0
0.0 0.0 0.0 0.0
0.0 0.0 0.0 0.0
0.0 0.0 0.0 0.0
0.0 0.0 0.0 0.0
0.0 0.0 0.0 0.0
0.0 0.0 0.0 0.0
0.0 0.0 0.0 0.0
0.0 0.0 0.0 0.0
0.0 0.0 0.0 0.0
0.0 0.0 0.0 0.0
0.0 0.0 0.0 0.0
0.0 0.0 0.0 0.0
0.0 0.0 0.0 0.0
0.0 0.0 0.0 0.0
0.0 0.0 0.0 0.0
0.0 0.0 0.0 0.0
0.0 0.0 0.0 0.0
0.0 0.0 0.0 0.0
0.0 0.0 0.0 0.0
0.0 0.0 0.0 0.0
0.0 0.0 0.0 0.0
0.0 0.0 0.0 0.0
0.0 0.0 0.0 0.0
0.0 0.0 0.0 0.0
0.0 0.0 0.0 0.0
0.0 0.0 0.0 0.0
0.0 0.0 0.0 0.0
0.0 0.0 0.0 0.0
0.0 0.0 0.0 0.0
0.0 0.0 0.0 0.0
0.0 0.0 0.0 0.0
0.0 0.0 0.0 0.0
0.0 0.0 0.0 0.0
0.0 0.0 0.0 0.0
0.0 0.0 0.0 0.0
0.0 0.0 0.0 0.0
0.0 0.0 0.0 0.0
0.0 0.0 0.0 0.0
0.0 0.0 0.0 0.0
0.0 0.0 0.0 0.0
0.0 0.0 0.0 0.0
0.0 0.0 0.0 0.0
0.0 0.0 0.0 0.0
0.0 0.0 0.0 0.0
0.0 0.0 0.0 0.0
0.0 0.0 0.0 0.0
0.0 0.0 0.0 0.0
0.0 0.0 0.0 0.0
0.0 0.0 0.0 0.0
0.0 0.0 0.0 0.0
0.0 0.0 0.0 0.0
0.0 0.0 0.0 0.0
0.0 0.0 0.0 0.0
0.0 0.0 0.0 0.0
0.0 0.0 0.0 0.0
0.0 0.0 0.0 0.0
0.0 0.0 0.0 0.0
0.0 0.0 0.0 0.0
0.0 0.0 0.0 0.0
0.0 0.0 0.0 0.0
0.0 0.0 0.0 0.0
0.0 0.0 0.0 0.0
0.0 0.0 0.0 0.0
0.0 0.0 0.0 0.0
0.0 0.0 0.0 0.0
0.0 0.0 0.0 0.0
0.0 0.0 0.0 0.0
0.0 0.0 0.0 0.0
0.0 0.0 0.0 0.0
0.0 0.0 0.0 0.0
0.0 0.0 0.0 0.0
0.0 0.0 0.0 0.0
0.0 0.0 0.0 0.0
0.0 0.0 0.0 0.0
0.0 0.0 0.0 0.0
0.0 0.0 0.0 0.0
0.0 0.0 0.0 0.0
0.0 0.0 0.0 0.0
0.0 0.0 0.0 0.0
0.0 0.0 0.0 0.0
0.0 0.0 0.0 0.0
0.0 0.0 0.0 0.0
0.0 0.0 0.0 0.0
0.0 0.0 0.0 0.0
0.0 0.0 0.0 0.0
0.0 0.0 0.0 0.0
0.0 0.0 0.0 0.0
0.0 0.0 0.0 0.0
0.0 0.0 0.0 0.0
0.0 0.0 0.0 0.0
0.0 0.0 0.0 0.0
0.0 0.0 0.0 0.0
0.0 0.0 0.0 0.0
0.0 0.0 0.0 0.0
0.0 0.0 0.0 0.0
0.0 0.0 0.0 0.0
0.0 0.0 0.0 0.0
0.0 0.0 0.0 0.0
0.0 0.0 0.0 0.0
0.0 0.0 0.0 0.0
0.0 0.0 0.0 0.0
0.0 0.0 0.0 0.0
0.0 0.0 0.0 0.0
0.0 0.0 0.0 0.0
0.0 0.0 0.0 0.0
0.0 0.0 0.0 0.0
0.0 0.0 0.0 0.0
0.0 0.0 0.0 0.0
0.0 0.0 0.0 0.0
0.0 0.0 0.0 0.0
0.0 0.0 0.0 0.0
0.0 0.0 0.0 0.0
0.0 0.0 0.0 0.0
0.0 0.0 0.0 0.0
0.0 0.0 0.0 0.0
0.0 0.0 0.0 0.0
0.0 0.0 0.0 0.0
0.0 0.0 0.0 0.0
0.0 0.0 0.0 0.0
0.0 0.0 0.0 0.0
0.0 0.0 0.0 0.0
0.0 0.0 0.0 0.0
0.0 0.0 0.0 0.0
0.0 0.0 0.0 0.0
0.0 0.0 0.0 0.0
0.0 0.0 0.0 0.0
0.0 0.0 0.0 0.0
0.0 0.0 0.0 0.0
0.0 0.0 0.0 0.0
0.0 0.0 0.0 0.0
0.0 0.0 0.0 0.0
0.0 0.0 0.0 0.0
0.0 0.0 0.0 0.0
0.0 0.0 0.0 0.0
0.0 0.0 0.0 0.0
0.0 0.0 0.0 0.0
0.0 0.0 0.0 0.0
0.0 0.0 0.0 0.0
0.0 0.0 0.0 0.0
0.0 0.0 0.0 0.0
0.0 0.0 0.0 0.0
0.0 0.0 0.0 0.0
0.0 0.0 0.0 0.0
0.0 0.0 0.0 0.0
0.0 0.0 0.0 0.0
0.0 0.0 0.0 0.0
0.0 0.0 0.0 0.0
0.0 0.0 0.0 0.0
0.0 0.0 0.0 0.0
0.0 0.0 0.0 0.0
0.0 0.0 0.0 0.0
0.0 0.0 0.0 0.0
0.0 0.0 0.0 0.0
0.0 0.0 0.0 0.0
0.0 0.0 0.0 0.0
0.0 0.0 0.0 0.0
0.0 0.0 0.0 0.0
0.0 0.0 0.0 0.0
0.0 0.0 0.0 0.0
0.0 0.0 0.0 0.0
0.0 0.0 0.0 0.0
0.0 0.0 0.0 0.0
0.0 0.0 0.0 0.0
0.0 0.0 0.0 0.0
0.0 0.0 0.0 0.0
0.0 0.0 0.0 0.0
0.0 0.0 0.0 0.0
0.0 0.0 0.0 0.0
0.0 0.0 0.0 0.0
0.0 0.0 0.0 0.0
0.0 0.0 0.0 0.0
0.0 0.0 0.0 0.0
0.0 0.0 0.0 0.0
0.0 0.0 0.0 0.0
0.0 0.0 0.0 0.0
0.0 0.0 0.0 0.0
0.0 0.0 0.0 0.0
0.0 0.0 0.0 0.0
0.0 0.0 0.0 0.0
0.0 0.0 0.0 0.0
0.0 0.0 0.0 0.0
0.0 0.0 0.0 0.0
0.0 0.0 0.0 0.0
0.0 0.0 0.0 0.0
0.0 0.0 0.0 0.0
0.0 0.0 0.0 0.0
0.0 0.0 0.0 0.0
0.0 0.0 0.0 0.0
0.0 0.0 0.0 0.0
0.0 0.0 0.0 0.0
0.0 0.0 0.0 0.0
0.0 0.0 0.0 0.0
0.0 0.0 0.0 0.0
0.0 0.0 0.0 0.0
0.0 0.0 0.0 0.0
0.0 0.0 0.0 0.0
0.0 0.0 0.0 0.0
0.0 0.0 0.0 0.0
0.0 0.0 0.0 0.0
0.0 0.0 0.0 0.0
0.0 0.0 0.0 0.0
0.0 0.0 0.0 0.0
0.0 0.0 0.0 0.0
0.0 0.0 0.0 0.0
0.0 0.0 0.0 0.0
0.0 0.0 0.0 0.0
0.0 0.0 0.0 0.0
0.0 0.0 0.0 0.0
0.0 0.0 0.0 0.0
0.0 0.0 0.0 0.0
0.0 0.0 0.0 0.0
0.0 0.0 0.0 0.0
0.0 0.0 0.0 0.0
0.0 0.0 0.0 0.0
0.0 0.0 0.0 0.0
0.0 0.0 0.0 0.0
0.0 0.0 0.0 0.0
0.0 0.0 0.0 0.0
0.0 0.0 0.0 0.0
0.0 0.0 0.0 0.0
0.0 0.0 0.0 0.0
0.0 0.0 0.0 0.0
0.0 0.0 0.0 0.0
0.0 0.0 0.0 0.0
0.0 0.0 0.0 0.0
0.0 0.0 0.0 0.0
0.0 0.0 0.0 0.0
0.0 0.0 0.0 0.0
0.0 0.0 0.0 0.0
0.0 0.0 0.0 0.0
0.0 0.0 0.0 0.0
0.0 0.0 0.0 0.0
0.0 0.0 0.0 0.0
0.0 0.0 0.0 0.0
0.0 0.0 0.0 0.0
0.0 0.0 0.0 0.0
0.0 0.0 0.0 0.0
0.0 0.0 0.0 0.0
0.0 0.0 0.0 0.0
0.0 0.0 0.0 0.0
0.0 0.0 0.0 0.0
0.0 0.0 0.0 0.0
0.0 0.0 0.0 0.0
0.0 0.0 0.0 0.0
0.0 0.0 0.0 0.0
0.0 0.0 0.0 0.0
0.0 0.0 0.0 0.0
0.0 0.0 0.0 0.0
0.0 0.0 0.0 0.0
0.0 0.0 0.0 0.0
0.0 0.0 0.0 0.0
0.0 0.0 0.0 0.0
0.0 0.0 0.0 0.0
0.0 0.0 0.0 0.0
0.0 0.0 0.0 0.0
0.0 0.0 0.0 0.0
0.0 0.0 0.0 0.0
0.0 0.0 0.0 0.0
0.0 0.0 0.0 0.0
0.0 0.0 0.0 0.0
0.0 0.0 0.0 0.0
0.0 0.0 0.0 0.0
0.0 0.0 0.0 0.0
0.0 0.0 0.0 0.0
0.0 0.0 0.0 0.0
0.0 0.0 0.0 0.0
0.0 0.0 0.0 0.0
0.0 0.0 0.0 0.0
0.0 0.0 0.0 0.0
0.0 0.0 0.0 0.0
0.0 0.0 0.0 0.0
0.0 0.0 0.0 0.0
0.0 0.0 0.0 0.0
0.0 0.0 0.0 0.0
0.0 0.0 0.0 0.0
0.0 0.0 0.0 0.0
0.0 0.0 0.0 0.0
0.0 0.0 0.0 0.0
0.0 0.0 0.0 0.0
0.0 0.0 0.0 0.0
0.0 0.0 0.0 0.0
0.0 0.0 0.0 0.0
0.0 0.0 0.0 0.0
0.0 0.0 0.0 0.0
0.0 0.0 0.0 0.0
0.0 0.0 0.0 0.0
0.0 0.0 0.0 0.0
0.0 0.0 0.0 0.0
0.0 0.0 0.0 0.0
0.0 0.0 0.0 0.0
0.0 0.0 0.0 0.0
0.0 0.0 0.0 0.0
0.0 0.0 0.0 0.0
0.0 0.0 0.0 0.0
calling sussix 32768 8192
fft tunes bunch no 1782  :  0.3095703125 0.680053710938 14598144 14598144 3 3 

sussix tunes bunch no 1782  :  [ 0.30974995  0.31976461] 

[  4.46794185e-07   0.00000000e+00   0.00000000e+00   4.50178567e-07
   0.00000000e+00   0.00000000e+00   0.00000000e+00   0.00000000e+00
   0.00000000e+00   0.00000000e+00   0.00000000e+00   0.00000000e+00
   0.00000000e+00   0.00000000e+00]
0.309749948697 4.46794184676e-07 0.319764606911 4.50178567175e-07
-0.309749968872 4.46783832669e-07 -0.319764594299 4.50174758706e-07
-0.309666016365 2.03133862097e-07 -0.31996917565 7.08886305159e-08
0.309665999396 2.03141021461e-07 0.319969102647 7.08669028415e-08
0.309817360315 1.41414131022e-07 0.320061829641 3.82395430301e-08
-0.309817358995 1.4138673807e-07 -0.320061847833 3.82030575019e-08
0.309588769497 5.85211280312e-08 -0.319662256081 4.30175266389e-08
-0.309588754503 5.85131636404e-08 0.319662269181 4.29984195124e-08
0.309955949738 3.69200539368e-08 0.319850838743 2.97149978144e-08
-0.309955988166 3.69109465575e-08 -0.319850877569 2.96921421044e-08
-0.309477140446 1.38846125582e-08 0.319559517935 1.3422455184e-08
-0.309721557377 1.41918215046e-08 -0.3195594323 1.34208000473e-08
0.30947713489 1.3874486499e-08 0.320144842445 1.49045887496e-08
0.309721554913 1.4198519432e-08 -0.32014482118 1.48993017806e-08
0.307079300905 6.97005954419e-09 -0.319934406468 9.8607349504e-09
-0.307079304772 6.96996278605e-09 0.319934387986 9.85467141652e-09
0.31015562434 5.73340524633e-09 -0.319476881755 7.82169648224e-09
-0.310155645248 5.73207908706e-09 0.319476974912 7.82577705968e-09
-0.309375579388 5.9026857757e-09 -0.319790161756 6.92830191599e-09
-0.309857055771 5.59498731647e-09 0.319790182235 6.92396130482e-09
0.309375578446 5.89840128292e-09 0.320244634995 7.01079385118e-09
0.309856949016 5.59303635134e-09 -0.320244646432 7.00706195531e-09
0.312858066687 3.90584729834e-09 0.317075510686 7.18535273898e-09
-0.312858100101 3.90542455867e-09 -0.317075508972 7.18518346901e-09
0.315781904864 3.042088446e-09 -0.319637644574 4.79303878949e-09
-0.315781900729 3.04205890996e-09 -0.320336153759 3.99840736704e-09
0.310267240372 3.13070238638e-09 0.319637686734 4.78771682173e-09
0.310058685333 2.87379775028e-09 0.320336153377 3.99901066773e-09
0.309289420379 3.49613086773e-09 0.319405589194 4.87038874753e-09
-0.310267168176 3.13067500156e-09 -0.319405554714 4.86743397691e-09
-0.310058785608 2.87204735333e-09 0.320427573435 2.81329510625e-09
-0.309289416416 3.49691872276e-09 -0.320427576841 2.8123201234e-09
-0.309191478054 2.48648929933e-09 0.320023247537 2.92147059386e-09
0.309191429307 2.48539283476e-09 -0.320023117254 2.91786292402e-09
0.309954365738 2.00633714748e-09 0.319307736914 2.86498293787e-09
-0.309954448499 2.00743049572e-09 -0.319307697926 2.86411650448e-09
-0.309541599952 2.01266325551e-09 0.319206041731 1.91917241822e-09
0.309541626895 2.00935165988e-09 -0.319205957591 1.91854968683e-09
-0.30909121414 1.82105786411e-09 -0.320120573545 2.80027819655e-09
0.309091181942 1.82018750831e-09 0.320120588504 2.80225133798e-09
-0.309432296021 1.63893575234e-09 0.319545468081 2.11925351803e-09
0.30943225268 1.63744475156e-09 -0.319545386966 2.11860437221e-09
-0.310368070655 2.2967627427e-09 -0.320215644566 1.75013570067e-09
0.310368144387 2.29836535304e-09 0.320215685515 1.74755013955e-09
-0.310161458714 1.32167865673e-09 0.320504052008 2.10339214467e-09
0.31016156238 1.31961655423e-09 -0.320504057898 2.10184085328e-09
-0.308986396326 1.3477556703e-09 -0.319110933279 1.51829302802e-09
0.308986378761 1.34714336713e-09 0.319111047807 1.51913889013e-09
-0.310464964252 1.37528440104e-09 -0.325762971 1.48197551473e-09
0.310465306815 1.37473426037e-09 0.325762958935 1.48174930115e-09
-0.31054842341 1.10731368153e-09 -0.314194825428 1.16035283285e-09
0.310548715835 1.10500584066e-09 0.314194832519 1.16012168185e-09
0.310270161287 1.19264884415e-09 0.319675687052 1.0662108573e-09
0.309646471834 1.4439573017e-09 0.319461978414 1.07326274917e-09
-0.310270123622 1.19219273315e-09 -0.31967552197 1.06541343691e-09
-0.309646472801 1.44147007698e-09 -0.319461836961 1.07292601664e-09
-0.309335379413 9.07040452997e-10 0.32060328097 1.3788175472e-09
0.309335375397 9.06570576193e-10 -0.320603282356 1.37789228024e-09
0.31063286433 9.53138204103e-10 0.320700188427 1.03776345475e-09
-0.31063265644 9.54626244947e-10 -0.320700177751 1.03726929171e-09
-0.308896582498 9.7550503386e-10 0.320793942446 8.31427840621e-10
0.308896606914 9.74976295758e-10 0.319020006116 1.19302334003e-09
-0.309824991184 7.56129772061e-10 -0.319020341459 1.18607001898e-09
0.309824878306 7.5307930773e-10 -0.320794965516 8.39309496723e-10
-0.308809936727 7.61849535301e-10 0.320022755356 1.05584376275e-09
-0.308709571368 7.01901512376e-10 0.319901073084 9.55545494641e-10
0.308809963668 7.61785517582e-10 -0.320022668122 1.05372532297e-09
0.308709550836 7.01725685942e-10 -0.319900778802 9.58322689964e-10
-0.310059748617 5.99572257299e-10 0.320345139228 7.7699912073e-10
0.310059714176 5.98105645702e-10 -0.320345473818 7.78371539361e-10
-0.309566981434 5.75010136362e-10 -0.318927647026 8.9903101848e-10
0.309566907187 5.73894895152e-10 -0.318831303551 7.41063085035e-10
-0.309228325657 5.69921384533e-10 0.318926986134 9.00017568897e-10
0.309228271528 5.69653422036e-10 0.318830352698 7.38911524016e-10
0.310735566656 7.53898575584e-10 0.322918973594 8.12051350548e-10
0.310395407822 5.98191160475e-10 -0.322918943584 8.11261431136e-10
-0.310735440014 7.53703369883e-10 0.319361811902 6.52115524518e-10
-0.310395174271 5.97839014859e-10 -0.319362232667 6.48601497214e-10
-0.308617370902 5.38472887129e-10 -0.320882644853 6.97751178818e-10
0.308617352738 5.38349388462e-10 -0.320431831189 5.97999519431e-10
-0.310836828028 5.98281368436e-10 -0.319814925021 5.99442300751e-10
0.307027359888 4.63447874814e-10 -0.319587883051 6.00940913265e-10
0.310837073592 5.97243637394e-10 0.320880295614 6.97172562289e-10
-0.307027694069 4.62583815129e-10 0.320430752501 5.99089120484e-10
-0.310929436595 4.47443676999e-10 0.319815535107 6.01941026779e-10
0.310930084322 4.4615296223e-10 0.319587893794 6.02999657423e-10
0.309733530723 4.91928042074e-10 0.318744381816 6.0522855195e-10
-0.309733647454 4.91926681431e-10 -0.318745327086 6.08220643828e-10
0.311022485952 4.1493913236e-10 -0.320119066095 7.56533837974e-10
-0.311021997786 4.15521811294e-10 0.320119350758 7.5273001349e-10
-0.310316821292 4.06978776293e-10 -0.320531685461 4.64137566836e-10
0.310316965065 4.05577281297e-10 0.320530508582 4.65927981145e-10
0.309430160821 3.92809703632e-10 0.319272144336 5.19231495334e-10
0.309129337005 3.93791126192e-10 0.320970218651 6.1168340251e-10
-0.309430083093 3.92752891361e-10 0.321067768016 4.73468515772e-10
-0.309129459874 3.94217633808e-10 0.319176234542 5.33186034374e-10
0.311259932439 3.97913140746e-10 -0.319272966544 5.18078180134e-10
-0.311259746356 3.98044669687e-10 -0.319175732433 5.20779468761e-10
0.311149851418 3.70907307756e-10 -0.320972313073 6.17175097999e-10
-0.311149616179 3.70704792771e-10 -0.321071108936 4.73666059133e-10
-0.310169959565 3.57015105844e-10 0.321162896867 3.8807950301e-10
0.31016961036 3.57310275987e-10 -0.321167029138 3.86347144396e-10
0.304219102788 3.43067374926e-10 -0.317019432197 3.58244140145e-10
-0.304219111275 3.43057795891e-10 0.317019779333 3.58098406238e-10
-0.30131374614 4.31323479205e-10 0.318662958152 4.66908789796e-10
0.301313748067 4.31336914686e-10 -0.318663776041 4.69873173299e-10
-0.309045640087 4.15918137636e-10 0.311314717405 3.90128968878e-10
0.309045537807 4.15700569192e-10 -0.311314787113 3.90241516342e-10
-0.308528605969 4.08937727624e-10 0.319713328737 3.2819626762e-10
0.30852861954 4.08791008859e-10 0.320300558193 3.30065934436e-10
-0.309939334575 3.01174548458e-10 0.319931986763 3.38588015199e-10
-0.310657197751 3.07715112579e-10 0.319092097271 3.25087615486e-10
-0.310496771086 3.63112417467e-10 -0.319713211397 3.25745109455e-10
0.309939068681 3.00166553339e-10 -0.320295380934 3.26987871123e-10
0.310656832303 3.07531195712e-10 -0.319931297818 3.38610717645e-10
0.310497061304 3.63974484509e-10 -0.318566238407 3.95942219093e-10
-0.308952196906 3.02693006152e-10 -0.318466742394 3.3140376024e-10
0.308952083171 3.02490309375e-10 0.318564514147 3.84814836562e-10
0.318661457227 4.4911167083e-10 0.318467400054 3.20449874978e-10
-0.318661469894 4.49104662446e-10 -0.321255012835 3.65046078833e-10
0.308441628632 3.18057786782e-10 -0.319090356006 3.06205946889e-10
0.308345637295 2.95939793288e-10 0.321251153586 3.76170770347e-10
-0.308441566248 3.18149909408e-10 0.322800706517 3.88098185841e-10
-0.30834561985 2.9608996811e-10 -0.322800877133 3.88754046764e-10
-0.312785161463 3.45722533955e-10 -0.318378450025 2.88654405525e-10
0.31278515515 3.44693582596e-10 0.328645476551 2.97519580776e-10
-0.309341112082 2.70312304376e-10 -0.328645522266 2.97562767263e-10
0.309341079764 2.70239856352e-10 0.318377393453 2.75648370512e-10
-0.308247925495 2.40627637488e-10 0.320215106643 2.83673377046e-10
0.308247910361 2.40428229508e-10 -0.320211575485 2.76054256674e-10
-0.310409339468 2.36070976846e-10 0.319369406501 2.86106583386e-10
0.310409566341 2.35076123331e-10 0.319484684791 2.81454045439e-10
0.298421890553 2.54788399564e-10 -0.319368895799 2.82237320789e-10
-0.298421893068 2.54786884978e-10 -0.319485222749 2.78125063414e-10
-0.309490065332 2.65225254957e-10 0.317159079186 2.30260107026e-10
0.309490065561 2.6466733943e-10 -0.317158797717 2.29012413131e-10
0.311484707321 2.81324946449e-10 -0.320893699787 2.42192448806e-10
0.31135925061 3.54208037008e-10 -0.32078847777 2.56688348345e-10
-0.311484582533 2.81384199344e-10 -0.320633666202 2.70647623416e-10
-0.311359119904 3.54142106954e-10 -0.320029376497 2.69263982647e-10
0.309841376201 2.19312043378e-10 0.320894575252 2.35216748239e-10
-0.309841643665 2.19231674843e-10 0.320795210192 2.53681236993e-10
0.310739954832 2.37819122102e-10 0.320626388391 2.72060182148e-10
0.310551669762 1.96895247831e-10 0.320029252832 2.74142642076e-10
-0.310740293508 2.37481003738e-10 -0.308432479597 2.50803843256e-10
-0.310551721712 1.98570937336e-10 0.32302797033 2.2495361028e-10
0.307152483254 2.00580789634e-10 0.308432260296 2.50219395013e-10
-0.307152898688 1.99066331155e-10 -0.323028758403 2.23654465396e-10
0.310051182937 1.86098619037e-10 0.321341489488 3.35182071074e-10
-0.310051357073 1.85676692638e-10 0.321438948614 2.34913367402e-10
-0.311568958848 2.68177580815e-10 0.321566579769 2.25539984111e-10
0.311569090122 2.68101388567e-10 0.321665056784 1.97244242968e-10
-0.309665849246 1.82882025552e-10 -0.318285461092 2.66240836593e-10
0.309665871771 1.82334473842e-10 -0.321342996914 3.34867226261e-10
0.309159153159 1.98668617178e-10 -0.321440212709 2.34283120253e-10
0.311681675036 2.05200164574e-10 -0.321566689147 2.27968437076e-10
-0.309159181122 1.98653191989e-10 -0.32166715356 1.96580637385e-10
-0.311681527271 2.05362012307e-10 0.3182890273 2.68152638708e-10
0.315857727878 2.93924635129e-10 -0.325688641134 1.76595711403e-10
-0.315857723625 2.93807349435e-10 0.325688787851 1.76138408093e-10
0.31290431855 1.96770403802e-10 -0.319019547854 2.56604591629e-10
-0.308160581275 2.07054448366e-10 -0.319831861066 1.75949236951e-10
-0.308726845195 1.60341231953e-10 -0.321758667007 1.7476107171e-10
-0.308843233201 1.62110642062e-10 0.321756941083 1.7444370108e-10
-0.31290304265 1.95315940288e-10 0.320717884194 2.32259040276e-10
0.308161215689 2.0762497516e-10 0.319288396176 2.60825213386e-10
0.308727276609 1.59579302753e-10 -0.320458923735 1.77589006819e-10
0.308843510193 1.61606056983e-10 -0.320709793245 2.05742615057e-10
-0.311790958878 1.48508080682e-10 0.318191137699 2.26260097045e-10
0.311791239663 1.48281918619e-10 0.318080310111 1.90097394201e-10
0.308060978683 1.84066178513e-10 0.318888443549 2.00831331406e-10
0.30796149899 1.54699261406e-10 0.31900254066 2.30387611821e-10
-0.308060549939 1.85019579328e-10 0.319838248557 1.65544195088e-10
-0.307960940837 1.55187147106e-10 -0.318187473993 2.36726719128e-10
-0.311879137587 1.34660193627e-10 -0.318073974215 1.96057043117e-10
0.311879382485 1.34387258049e-10 0.320472744032 1.74375283212e-10
0.309255236318 1.9045158721e-10 0.323126509454 1.46555119571e-10
-0.309255292804 1.90583866649e-10 -0.31429229914 1.79206724032e-10
-0.307863920505 1.28030583052e-10 0.314291448396 1.78476591967e-10
0.307864701459 1.27730301949e-10 -0.323126805407 1.44152137741e-10
-0.324440674525 1.29893566807e-10 0.32082325979 1.57509570086e-10
0.324440660498 1.29904428259e-10 0.320964387368 2.10847293487e-10
0.306946928767 1.75493500715e-10 0.317977969975 1.43810586995e-10
0.308641229169 1.65757932303e-10 -0.317972279552 1.47621054211e-10
0.310821115377 1.38020683037e-10 -0.316940900794 1.71558464072e-10
-0.306946129675 1.7360270145e-10 0.321062037238 1.35588374795e-10
-0.30864112033 1.66854990701e-10 -0.317879236909 1.32184074587e-10
-0.310821292686 1.36538073928e-10 0.316946497399 1.74283970153e-10
-0.311237386974 1.45857428671e-10 -0.319278823942 2.35747267306e-10
-0.310913488132 1.17245812421e-10 -0.319615100291 1.7145535096e-10
0.311237587428 1.45858740192e-10 -0.318919231294 2.30083098489e-10
0.310913698248 1.17247486088e-10 -0.318805718481 1.74362381114e-10
0.307257621364 1.15022675306e-10 -0.320827204624 1.60024642003e-10
-0.307257891955 1.14345630298e-10 -0.320964145914 2.20437113162e-10
0.315714513289 1.25410589324e-10 0.319627253486 1.7922755192e-10
-0.315714485384 1.25334443956e-10 0.318797040686 2.30544492752e-10
0.306850695626 1.28654033556e-10 -0.321072038295 1.34202876619e-10
-0.306850263934 1.28647313314e-10 0.317888960153 1.24963066016e-10
-0.307772839088 1.16593587507e-10 0.321150622613 1.23599238148e-10
-0.295559798884 1.10062419928e-10 0.317264518982 1.16570154542e-10
0.295559936926 1.10035702443e-10 -0.320367576032 1.96100635946e-10
0.307386474866 1.0345758759e-10 -0.32060213359 1.34981723152e-10
0.30776849435 1.13685370328e-10 -0.32116366528 1.18294257243e-10
-0.309054230564 1.17627071013e-10 -0.32183411699 1.36007424812e-10
0.309054866154 1.16373315015e-10 -0.321924542405 1.3071810724e-10
0.306733565704 1.10111672044e-10 -0.322027545585 1.13790172791e-10
-0.306737277029 1.06495333646e-10 -0.314133275135 1.45408116709e-10
-0.30411909079 1.34122954589e-10 0.321835068482 1.41423732119e-10
-0.309582579305 1.02481759028e-10 0.321927548327 1.32025821499e-10
0.309582354325 1.01841487041e-10 0.322029141709 1.15222459631e-10
0.30411980154 1.35170180342e-10 0.314133703338 1.44887082799e-10
0.313027972637 1.17626443207e-10 0.320604118963 1.19274194827e-10
0.312651057749 1.06332387627e-10 -0.318696804278 1.17061328831e-10
-0.307393743711 1.037415101e-10 -0.316853545878 1.46996448422e-10
-0.309719320378 1.06813770435e-10 -0.317265142112 1.16922740231e-10
-0.309949700741 9.98130811227e-11 0.316851751675 1.5282703118e-10
-0.313027500186 1.15132976488e-10 0.305544782333 1.06854996149e-10
-0.312652718666 1.06126027732e-10 -0.305544521465 1.06250827381e-10
0.309720234289 1.05815421977e-10 0.320382986323 1.82049165091e-10
0.309950675282 9.90818673859e-11 0.318685516093 1.38297700243e-10
-0.307514273277 9.33422845383e-11 0.318575444882 1.1740162006e-10
0.311963564739 1.2021466786e-10 0.316744443624 1.17776096717e-10
0.310253660386 1.14544555555e-10 0.322133951797 1.0274616983e-10
0.310160996619 9.60965153201e-11 -0.322133553416 9.97843847468e-11
0.308543926145 1.32491775979e-10 -0.316739662143 1.14696039809e-10
-0.311963089302 1.19940913904e-10 0.323217100613 1.03359753305e-10
-0.310254716245 1.13071832014e-10 0.319741074384 1.19276657776e-10
-0.310161924658 9.5707681472e-11 -0.323218038352 1.01560948587e-10
-0.308542573175 1.29213939972e-10 -0.319738912776 1.1501777307e-10
-0.311079485623 1.01355021957e-10 -0.318615132145 9.4964875632e-11
-0.31129758272 9.33356070554e-11 -0.317394536208 9.26846479256e-11
-0.311445281331 1.10396401103e-10 -0.317513780181 9.4183293748e-11
0.306635798264 8.72610719317e-11 0.321534759296 9.0445987136e-11
0.311082296193 1.01293430718e-10 0.317396649706 9.27372289525e-11
0.311298915729 9.36247990096e-11 0.317516307316 9.45788177225e-11
0.311445571655 1.11624674382e-10 -0.316620527938 9.43089086382e-11
-0.327336114284 1.20298465985e-10 -0.317624890025 8.78448706825e-11
0.32733611406 1.20027411298e-10 0.316623631843 9.21480797214e-11
0.309415988819 9.16484160823e-11 -0.32153505897 8.73331538092e-11
-0.30662665236 8.49198281288e-11 0.31762920687 8.6490196482e-11
-0.309415474998 8.94051237325e-11 -0.317789432251 9.19619231248e-11
0.313138500051 8.70138045036e-11 -0.32270383692 1.13333277177e-10
-0.312050843502 1.03230655032e-10 0.322703329869 1.13587772942e-10
-0.313133473587 8.61900517872e-11 -0.316529716361 8.23258303792e-11
0.30844118298 9.01151103847e-11 0.317789240119 8.73476610437e-11
0.312053476069 1.05446521053e-10 -0.321269665015 8.48421326923e-11
0.315960214945 1.01375519881e-10 0.319167410008 1.1076469514e-10
-0.315960111714 1.00445342107e-10 0.319385307776 1.37761504133e-10
-0.308440419651 8.81669917837e-11 0.316526976237 8.15604366434e-11
0.31215531004 8.09411584748e-11 -0.319147253427 1.47290083469e-10
-0.306541760533 7.89964600947e-11 -0.319380954315 1.25256676869e-10
-0.312153579327 7.94094782604e-11 0.31846993895 7.88318080721e-11
0.312260288198 7.44850269139e-11 0.320929944813 7.74338135646e-11
-0.312257614924 7.41733930445e-11 -0.319884933554 8.75437064313e-11
0.289757039547 8.69670844563e-11 0.31992993901 7.69035076569e-11
-0.289757042917 8.67287339083e-11 0.32123653826 8.90717684089e-11
-0.308754478628 9.82518970788e-11 0.325852459343 9.2868123517e-11
0.307522133772 7.76238137626e-11 -0.319964091635 7.49338936155e-11
0.30766791162 8.64329374843e-11 -0.320111264553 9.95477156122e-11
0.308753642814 9.94381435454e-11 -0.325851492365 9.10240442773e-11
0.31321989478 7.21024462196e-11 -0.319050338082 9.44665460661e-11
-0.307681104516 8.21183628768e-11 -0.318531508556 7.9829730448e-11
0.306558015172 7.74908572295e-11 -0.320929297342 6.67383689912e-11
-0.286864501693 6.76599411166e-11 0.331550406873 6.61068888209e-11
0.286864586439 6.75633305154e-11 -0.331550835917 6.60958936512e-11
-0.313213656208 7.08379793009e-11 -0.322947722951 8.40136704878e-11
0.308897534525 7.85262401891e-11 -0.322216847718 8.35261622541e-11
-0.308896793012 7.90921316307e-11 -0.321630054908 6.79862735208e-11
0.30833853173 6.41639027579e-11 -0.320501198937 8.32203030385e-11
-0.308328217877 6.28815633354e-11 0.316446749858 7.85298448809e-11
-0.308245023464 6.52497734515e-11 0.323304536712 8.55852402125e-11
0.308250560207 6.67886809743e-11 0.322953328246 8.59293763117e-11
0.304299829905 6.31796203837e-11 0.322218030468 8.70888897844e-11
-0.304298818466 6.28486569993e-11 0.323399789004 8.46686914022e-11
0.312362665923 6.08306069232e-11 0.323510112592 7.24041629759e-11
-0.31418640754 6.65350950822e-11 0.319062688571 7.59005312857e-11
-0.312359191848 6.09269250872e-11 0.328761047295 6.52609559034e-11
-0.306960305995 8.05611824241e-11 -0.328759915344 6.47810001418e-11
0.314185938129 6.6368935624e-11 -0.316454391545 7.9856675863e-11
0.306957051797 7.72253792881e-11 0.321034459109 6.09216470756e-11
-0.311779281191 5.60231711916e-11 -0.320709286706 7.06471323067e-11
0.311778845446 5.59106712362e-11 -0.321053207005 6.25361261472e-11
-0.301243592416 6.12793935812e-11 -0.337363316483 6.95426664742e-11
0.306475173227 7.86859949285e-11 -0.320301220947 6.05272893415e-11
0.306361486419 6.57389502128e-11 0.337362995633 6.95409899587e-11
0.301243641869 6.12718328578e-11 0.317077766533 8.88295561511e-11
0.308971945826 5.58302337302e-11 0.316971910722 9.05151560423e-11
0.310618354602 8.36538251539e-11 0.320124252036 9.99171855133e-11
-0.308972307925 5.50560415783e-11 0.320472445704 7.73610179569e-11
-0.310618379644 8.34075519636e-11 0.320705137934 7.74526821454e-11
0.306251134602 5.45709390153e-11 0.321316651368 7.00621395079e-11
0.309490538714 7.45520978599e-11 0.32162694231 6.51634886547e-11
0.31033831119 6.5352417308e-11 0.318910080841 9.41248999353e-11
-0.321538280055 5.10060092711e-11 0.323622684534 6.15268908324e-11
0.321539462558 5.03818659609e-11 0.314043386279 7.97135208315e-11
-0.309491778221 7.447907494e-11 -0.325573319989 5.89423710606e-11
-0.310339953653 6.37140782738e-11 -0.323295270898 8.90490302662e-11
0.310720555237 7.37205820988e-11 -0.323393666333 7.80899324171e-11
-0.307605756107 5.02190722136e-11 -0.32350302654 6.72190518267e-11
-0.310721258305 7.39821921861e-11 -0.316956338755 9.90080726213e-11
0.0 0.0 0.0 0.0
0.0 0.0 0.0 0.0
0.0 0.0 0.0 0.0
0.0 0.0 0.0 0.0
0.0 0.0 0.0 0.0
0.0 0.0 0.0 0.0
0.0 0.0 0.0 0.0
0.0 0.0 0.0 0.0
0.0 0.0 0.0 0.0
0.0 0.0 0.0 0.0
0.0 0.0 0.0 0.0
0.0 0.0 0.0 0.0
0.0 0.0 0.0 0.0
0.0 0.0 0.0 0.0
0.0 0.0 0.0 0.0
0.0 0.0 0.0 0.0
0.0 0.0 0.0 0.0
0.0 0.0 0.0 0.0
0.0 0.0 0.0 0.0
0.0 0.0 0.0 0.0
0.0 0.0 0.0 0.0
0.0 0.0 0.0 0.0
0.0 0.0 0.0 0.0
0.0 0.0 0.0 0.0
0.0 0.0 0.0 0.0
0.0 0.0 0.0 0.0
0.0 0.0 0.0 0.0
0.0 0.0 0.0 0.0
0.0 0.0 0.0 0.0
0.0 0.0 0.0 0.0
0.0 0.0 0.0 0.0
0.0 0.0 0.0 0.0
0.0 0.0 0.0 0.0
0.0 0.0 0.0 0.0
0.0 0.0 0.0 0.0
0.0 0.0 0.0 0.0
0.0 0.0 0.0 0.0
0.0 0.0 0.0 0.0
0.0 0.0 0.0 0.0
0.0 0.0 0.0 0.0
0.0 0.0 0.0 0.0
0.0 0.0 0.0 0.0
0.0 0.0 0.0 0.0
0.0 0.0 0.0 0.0
0.0 0.0 0.0 0.0
0.0 0.0 0.0 0.0
0.0 0.0 0.0 0.0
0.0 0.0 0.0 0.0
0.0 0.0 0.0 0.0
0.0 0.0 0.0 0.0
0.0 0.0 0.0 0.0
0.0 0.0 0.0 0.0
0.0 0.0 0.0 0.0
0.0 0.0 0.0 0.0
0.0 0.0 0.0 0.0
0.0 0.0 0.0 0.0
0.0 0.0 0.0 0.0
0.0 0.0 0.0 0.0
0.0 0.0 0.0 0.0
0.0 0.0 0.0 0.0
0.0 0.0 0.0 0.0
0.0 0.0 0.0 0.0
0.0 0.0 0.0 0.0
0.0 0.0 0.0 0.0
0.0 0.0 0.0 0.0
0.0 0.0 0.0 0.0
0.0 0.0 0.0 0.0
0.0 0.0 0.0 0.0
0.0 0.0 0.0 0.0
0.0 0.0 0.0 0.0
0.0 0.0 0.0 0.0
0.0 0.0 0.0 0.0
0.0 0.0 0.0 0.0
0.0 0.0 0.0 0.0
0.0 0.0 0.0 0.0
0.0 0.0 0.0 0.0
0.0 0.0 0.0 0.0
0.0 0.0 0.0 0.0
0.0 0.0 0.0 0.0
0.0 0.0 0.0 0.0
0.0 0.0 0.0 0.0
0.0 0.0 0.0 0.0
0.0 0.0 0.0 0.0
0.0 0.0 0.0 0.0
0.0 0.0 0.0 0.0
0.0 0.0 0.0 0.0
0.0 0.0 0.0 0.0
0.0 0.0 0.0 0.0
0.0 0.0 0.0 0.0
0.0 0.0 0.0 0.0
0.0 0.0 0.0 0.0
0.0 0.0 0.0 0.0
0.0 0.0 0.0 0.0
0.0 0.0 0.0 0.0
0.0 0.0 0.0 0.0
0.0 0.0 0.0 0.0
0.0 0.0 0.0 0.0
0.0 0.0 0.0 0.0
0.0 0.0 0.0 0.0
0.0 0.0 0.0 0.0
0.0 0.0 0.0 0.0
0.0 0.0 0.0 0.0
0.0 0.0 0.0 0.0
0.0 0.0 0.0 0.0
0.0 0.0 0.0 0.0
0.0 0.0 0.0 0.0
0.0 0.0 0.0 0.0
0.0 0.0 0.0 0.0
0.0 0.0 0.0 0.0
0.0 0.0 0.0 0.0
0.0 0.0 0.0 0.0
0.0 0.0 0.0 0.0
0.0 0.0 0.0 0.0
0.0 0.0 0.0 0.0
0.0 0.0 0.0 0.0
0.0 0.0 0.0 0.0
0.0 0.0 0.0 0.0
0.0 0.0 0.0 0.0
0.0 0.0 0.0 0.0
0.0 0.0 0.0 0.0
0.0 0.0 0.0 0.0
0.0 0.0 0.0 0.0
0.0 0.0 0.0 0.0
0.0 0.0 0.0 0.0
0.0 0.0 0.0 0.0
0.0 0.0 0.0 0.0
0.0 0.0 0.0 0.0
0.0 0.0 0.0 0.0
0.0 0.0 0.0 0.0
0.0 0.0 0.0 0.0
0.0 0.0 0.0 0.0
0.0 0.0 0.0 0.0
0.0 0.0 0.0 0.0
0.0 0.0 0.0 0.0
0.0 0.0 0.0 0.0
0.0 0.0 0.0 0.0
0.0 0.0 0.0 0.0
0.0 0.0 0.0 0.0
0.0 0.0 0.0 0.0
0.0 0.0 0.0 0.0
0.0 0.0 0.0 0.0
0.0 0.0 0.0 0.0
0.0 0.0 0.0 0.0
0.0 0.0 0.0 0.0
0.0 0.0 0.0 0.0
0.0 0.0 0.0 0.0
0.0 0.0 0.0 0.0
0.0 0.0 0.0 0.0
0.0 0.0 0.0 0.0
0.0 0.0 0.0 0.0
0.0 0.0 0.0 0.0
0.0 0.0 0.0 0.0
0.0 0.0 0.0 0.0
0.0 0.0 0.0 0.0
0.0 0.0 0.0 0.0
0.0 0.0 0.0 0.0
0.0 0.0 0.0 0.0
0.0 0.0 0.0 0.0
0.0 0.0 0.0 0.0
0.0 0.0 0.0 0.0
0.0 0.0 0.0 0.0
0.0 0.0 0.0 0.0
0.0 0.0 0.0 0.0
0.0 0.0 0.0 0.0
0.0 0.0 0.0 0.0
0.0 0.0 0.0 0.0
0.0 0.0 0.0 0.0
0.0 0.0 0.0 0.0
0.0 0.0 0.0 0.0
0.0 0.0 0.0 0.0
0.0 0.0 0.0 0.0
0.0 0.0 0.0 0.0
0.0 0.0 0.0 0.0
0.0 0.0 0.0 0.0
0.0 0.0 0.0 0.0
0.0 0.0 0.0 0.0
0.0 0.0 0.0 0.0
0.0 0.0 0.0 0.0
0.0 0.0 0.0 0.0
0.0 0.0 0.0 0.0
0.0 0.0 0.0 0.0
0.0 0.0 0.0 0.0
0.0 0.0 0.0 0.0
0.0 0.0 0.0 0.0
0.0 0.0 0.0 0.0
0.0 0.0 0.0 0.0
0.0 0.0 0.0 0.0
0.0 0.0 0.0 0.0
0.0 0.0 0.0 0.0
0.0 0.0 0.0 0.0
0.0 0.0 0.0 0.0
0.0 0.0 0.0 0.0
0.0 0.0 0.0 0.0
0.0 0.0 0.0 0.0
0.0 0.0 0.0 0.0
0.0 0.0 0.0 0.0
0.0 0.0 0.0 0.0
0.0 0.0 0.0 0.0
0.0 0.0 0.0 0.0
0.0 0.0 0.0 0.0
0.0 0.0 0.0 0.0
0.0 0.0 0.0 0.0
0.0 0.0 0.0 0.0
0.0 0.0 0.0 0.0
0.0 0.0 0.0 0.0
0.0 0.0 0.0 0.0
0.0 0.0 0.0 0.0
0.0 0.0 0.0 0.0
0.0 0.0 0.0 0.0
0.0 0.0 0.0 0.0
0.0 0.0 0.0 0.0
0.0 0.0 0.0 0.0
0.0 0.0 0.0 0.0
0.0 0.0 0.0 0.0
0.0 0.0 0.0 0.0
0.0 0.0 0.0 0.0
0.0 0.0 0.0 0.0
0.0 0.0 0.0 0.0
0.0 0.0 0.0 0.0
0.0 0.0 0.0 0.0
0.0 0.0 0.0 0.0
0.0 0.0 0.0 0.0
0.0 0.0 0.0 0.0
0.0 0.0 0.0 0.0
0.0 0.0 0.0 0.0
0.0 0.0 0.0 0.0
0.0 0.0 0.0 0.0
0.0 0.0 0.0 0.0
0.0 0.0 0.0 0.0
0.0 0.0 0.0 0.0
0.0 0.0 0.0 0.0
0.0 0.0 0.0 0.0
0.0 0.0 0.0 0.0
0.0 0.0 0.0 0.0
0.0 0.0 0.0 0.0
0.0 0.0 0.0 0.0
0.0 0.0 0.0 0.0
0.0 0.0 0.0 0.0
0.0 0.0 0.0 0.0
0.0 0.0 0.0 0.0
0.0 0.0 0.0 0.0
0.0 0.0 0.0 0.0
0.0 0.0 0.0 0.0
0.0 0.0 0.0 0.0
0.0 0.0 0.0 0.0
0.0 0.0 0.0 0.0
0.0 0.0 0.0 0.0
0.0 0.0 0.0 0.0
0.0 0.0 0.0 0.0
0.0 0.0 0.0 0.0
0.0 0.0 0.0 0.0
0.0 0.0 0.0 0.0
0.0 0.0 0.0 0.0
0.0 0.0 0.0 0.0
0.0 0.0 0.0 0.0
0.0 0.0 0.0 0.0
0.0 0.0 0.0 0.0
0.0 0.0 0.0 0.0
0.0 0.0 0.0 0.0
0.0 0.0 0.0 0.0
0.0 0.0 0.0 0.0
0.0 0.0 0.0 0.0
0.0 0.0 0.0 0.0
0.0 0.0 0.0 0.0
0.0 0.0 0.0 0.0
0.0 0.0 0.0 0.0
0.0 0.0 0.0 0.0
0.0 0.0 0.0 0.0
0.0 0.0 0.0 0.0
0.0 0.0 0.0 0.0
0.0 0.0 0.0 0.0
0.0 0.0 0.0 0.0
0.0 0.0 0.0 0.0
0.0 0.0 0.0 0.0
0.0 0.0 0.0 0.0
0.0 0.0 0.0 0.0
0.0 0.0 0.0 0.0
0.0 0.0 0.0 0.0
0.0 0.0 0.0 0.0
0.0 0.0 0.0 0.0
0.0 0.0 0.0 0.0
0.0 0.0 0.0 0.0
0.0 0.0 0.0 0.0
0.0 0.0 0.0 0.0
0.0 0.0 0.0 0.0
0.0 0.0 0.0 0.0
0.0 0.0 0.0 0.0
0.0 0.0 0.0 0.0
0.0 0.0 0.0 0.0
0.0 0.0 0.0 0.0
0.0 0.0 0.0 0.0
0.0 0.0 0.0 0.0
0.0 0.0 0.0 0.0
0.0 0.0 0.0 0.0
0.0 0.0 0.0 0.0
0.0 0.0 0.0 0.0
0.0 0.0 0.0 0.0
0.0 0.0 0.0 0.0
0.0 0.0 0.0 0.0
0.0 0.0 0.0 0.0
 starting        8192
 X TUNE DIFFERENT FROM EXPECTED
 EXPECTED TUNE X FOUND AT LINE           2
 p3   -160.62796449119870       4.50178567174511725E-007 -0.31976460691076247       0.30974994869734329     
 starting        8192
 X TUNE DIFFERENT FROM EXPECTED
 EXPECTED TUNE X FOUND AT LINE           2
 p3   -160.62796449119870       4.50178567174511725E-007 -0.31976460691076247       0.30974994869734329     
 starting        8192
 X TUNE DIFFERENT FROM EXPECTED
 EXPECTED TUNE X FOUND AT LINE           2
 p3   -160.62796449119870       4.50178567174511725E-007 -0.31976460691076247       0.30974994869734329     
