Frequency [Hz]	Re(Zxdip) [Ohm/m]	Im(Zxdip) [Ohm/m]
1.00000000e+01 7.21661860e+08 1.55093686e+09
1.12201845e+01 7.18112593e+08 1.49075365e+09
1.25892541e+01 7.12816051e+08 1.43118757e+09
1.41253754e+01 7.05860791e+08 1.37241803e+09
1.58489319e+01 6.97347817e+08 1.31460955e+09
1.77827941e+01 6.87388195e+08 1.25791055e+09
1.99526231e+01 6.76100639e+08 1.20245259e+09
2.23872114e+01 6.63609171e+08 1.14835006e+09
2.51188643e+01 6.50040884e+08 1.09570019e+09
2.81838293e+01 6.35523883e+08 1.04458338e+09
3.16227766e+01 6.20185413e+08 9.95063822e+08
3.54813389e+01 6.04150232e+08 9.47190341e+08
3.98107171e+01 5.87539199e+08 9.00997377e+08
4.46683592e+01 5.70468122e+08 8.56506110e+08
5.01187234e+01 5.53046825e+08 8.13725656e+08
5.62341325e+01 5.35378447e+08 7.72654293e+08
6.30957344e+01 5.17558939e+08 7.33280701e+08
7.07945784e+01 4.99676749e+08 6.95585167e+08
7.94328235e+01 4.81812676e+08 6.59540750e+08
8.91250938e+01 4.64039851e+08 6.25114388e+08
1.00000000e+02 4.46423848e+08 5.92267922e+08
1.12201845e+02 4.29022891e+08 5.60959049e+08
1.25892541e+02 4.11888130e+08 5.31142182e+08
1.41253754e+02 3.95063987e+08 5.02769226e+08
1.58489319e+02 3.78588535e+08 4.75790273e+08
1.77827941e+02 3.62493915e+08 4.50154212e+08
1.99526231e+02 3.46806764e+08 4.25809258e+08
2.23872114e+02 3.31548647e+08 4.02703413e+08
2.51188643e+02 3.16736501e+08 3.80784859e+08
2.81838293e+02 3.02383052e+08 3.60002288e+08
3.16227766e+02 2.88497236e+08 3.40305179e+08
3.54813389e+02 2.75084590e+08 3.21644020e+08
3.98107171e+02 2.62147627e+08 3.03970496e+08
4.46683592e+02 2.49686193e+08 2.87237626e+08
5.01187234e+02 2.37697793e+08 2.71399879e+08
5.62341325e+02 2.26177898e+08 2.56413250e+08
6.30957344e+02 2.15120226e+08 2.42235319e+08
7.07945784e+02 2.04517001e+08 2.28825280e+08
7.94328235e+02 1.94359184e+08 2.16143963e+08
8.91250938e+02 1.84636693e+08 2.04153830e+08
1.00000000e+03 1.75338588e+08 1.92818969e+08
1.12201845e+03 1.66453245e+08 1.82105063e+08
1.25892541e+03 1.57968514e+08 1.71979370e+08
1.41253754e+03 1.49871847e+08 1.62410680e+08
1.58489319e+03 1.42150425e+08 1.53369271e+08
1.77827941e+03 1.34791264e+08 1.44826872e+08
1.99526231e+03 1.27781304e+08 1.36756605e+08
2.23872114e+03 1.21107489e+08 1.29132938e+08
2.51188643e+03 1.14756840e+08 1.21931636e+08
2.81838293e+03 1.08716514e+08 1.15129704e+08
3.16227766e+03 1.02973849e+08 1.08705336e+08
3.54813389e+03 9.75164117e+07 1.02637866e+08
3.98107171e+03 9.23320307e+07 9.69077121e+07
4.46683592e+03 8.74088247e+07 9.14963308e+07
5.01187234e+03 8.27352255e+07 8.63861646e+07
5.62341325e+03 7.82999963e+07 8.15605960e+07
6.30957344e+03 7.40922451e+07 7.70039013e+07
7.07945784e+03 7.01013140e+07 7.27012041e+07
7.94328235e+03 6.63173837e+07 6.86384412e+07
8.91250938e+03 6.27302832e+07 6.48023045e+07
1.00000000e+04 5.93306826e+07 6.11802183e+07
1.12201845e+04 5.61094963e+07 5.77602932e+07
1.25892541e+04 5.30579989e+07 5.45312918e+07
1.41253754e+04 5.01678201e+07 5.14825942e+07
1.58489319e+04 4.74309393e+07 4.86041651e+07
1.77827941e+04 4.48396779e+07 4.58865227e+07
1.99526231e+04 4.23866917e+07 4.33207088e+07
2.23872114e+04 4.00649617e+07 4.08982608e+07
2.51188643e+04 3.78677857e+07 3.86111846e+07
2.81838293e+04 3.57887678e+07 3.64519293e+07
3.16227766e+04 3.38218089e+07 3.44133631e+07
3.54813389e+04 3.19610967e+07 3.24887499e+07
3.98107171e+04 3.02010950e+07 3.06717285e+07
4.46683592e+04 2.85365338e+07 2.89562911e+07
5.01187234e+04 2.69623988e+07 2.73367645e+07
5.62341325e+04 2.54739214e+07 2.58077913e+07
6.30957344e+04 2.40665688e+07 2.43643125e+07
7.07945784e+04 2.27360337e+07 2.30015513e+07
7.94328235e+04 2.14782252e+07 2.17149968e+07
8.91250938e+04 2.02892588e+07 2.05003902e+07
1.00000000e+05 1.91654476e+07 1.93537101e+07
1.12201845e+05 1.81032934e+07 1.82711594e+07
1.25892541e+05 1.70994777e+07 1.72491532e+07
1.41253754e+05 1.61508537e+07 1.62843066e+07
1.58489319e+05 1.52544379e+07 1.53734238e+07
1.77827941e+05 1.44074027e+07 1.45134876e+07
1.99526231e+05 1.36070684e+07 1.37016492e+07
2.23872114e+05 1.28508964e+07 1.29352190e+07
2.51188643e+05 1.21364822e+07 1.22116579e+07
2.81838293e+05 1.14615485e+07 1.15285683e+07
3.16227766e+05 1.08239393e+07 1.08836871e+07
3.54813389e+05 1.02216132e+07 1.02748773e+07
3.98107171e+05 9.65263829e+06 9.70012153e+06
4.46683592e+05 9.11518598e+06 9.15751524e+06
5.01187234e+05 8.60752606e+06 8.64526029e+06
5.62341325e+05 8.12802148e+06 8.16165911e+06
6.30957344e+05 7.67512360e+06 7.70510903e+06
7.07945784e+05 7.24736754e+06 7.27409702e+06
7.94328235e+05 6.84336780e+06 6.86719466e+06
8.91250938e+05 6.46181414e+06 6.48305339e+06
1.00000000e+06 6.10146760e+06 6.12040008e+06
1.12201845e+06 5.76115669e+06 5.77803282e+06
1.25892541e+06 5.43977386e+06 5.45481688e+06
1.41253754e+06 5.13627209e+06 5.14968102e+06
1.58489319e+06 4.84966164e+06 4.86161391e+06
1.77827941e+06 4.57900699e+06 4.58966079e+06
1.99526231e+06 4.32342395e+06 4.33292029e+06
2.23872114e+06 4.08207686e+06 4.09054147e+06
2.51188643e+06 3.85417603e+06 3.86172096e+06
2.81838293e+06 3.63897519e+06 3.64570035e+06
3.16227766e+06 3.43576920e+06 3.44176365e+06
3.54813389e+06 3.24389179e+06 3.24923491e+06
3.98107171e+06 3.06271342e+06 3.06747598e+06
4.46683592e+06 2.89163936e+06 2.89588444e+06
5.01187234e+06 2.73010769e+06 2.73389153e+06
5.62341325e+06 2.57758760e+06 2.58096031e+06
6.30957344e+06 2.43357763e+06 2.43658391e+06
7.07945784e+06 2.29760410e+06 2.30028376e+06
7.94328235e+06 2.16921955e+06 2.17160811e+06
8.91250938e+06 2.04800134e+06 2.05013043e+06
1.00000000e+07 1.93355027e+06 1.93544810e+06
1.12201845e+07 1.82548927e+06 1.82718099e+06
1.25892541e+07 1.72346222e+06 1.72497023e+06
1.41253754e+07 1.62713277e+06 1.62847705e+06
1.58489319e+07 1.53618325e+06 1.53738160e+06
1.77827941e+07 1.45031365e+06 1.45138196e+06
1.99526231e+07 1.36924065e+06 1.37019305e+06
2.23872114e+07 1.29269667e+06 1.29354578e+06
2.51188643e+07 1.22042904e+06 1.22118609e+06
2.81838293e+07 1.15219912e+06 1.15287414e+06
3.16227766e+07 1.08778159e+06 1.08838350e+06
3.54813389e+07 1.02696365e+06 1.02750042e+06
3.98107171e+07 9.69544366e+05 9.70023084e+05
4.46683592e+07 9.15333992e+05 9.15760985e+05
5.01187234e+07 8.64153360e+05 8.64534266e+05
5.62341325e+07 8.15833285e+05 8.16173130e+05
6.30957344e+07 7.70214017e+05 7.70517280e+05
7.07945784e+07 7.27144710e+05 7.27415385e+05
7.94328235e+07 6.86482934e+05 6.86724580e+05
8.91250938e+07 6.48094201e+05 6.48309991e+05
1.00000000e+08 6.11851526e+05 6.12044289e+05
1.12201845e+08 5.77635011e+05 5.77807269e+05
1.25892541e+08 5.45331448e+05 5.45485447e+05
1.41253754e+08 5.14833945e+05 5.14971691e+05
1.58489319e+08 4.86041582e+05 4.86164858e+05
1.77827941e+08 4.58859067e+05 4.58969467e+05
1.99526231e+08 4.33196433e+05 4.33295376e+05
2.23872114e+08 4.08968735e+05 4.09057484e+05
2.51188643e+08 3.86095771e+05 3.86175454e+05
2.81838293e+08 3.64501820e+05 3.64573440e+05
3.16227766e+08 3.44115389e+05 3.44179840e+05
3.54813389e+08 3.24868980e+05 3.24927057e+05
3.98107171e+08 3.06698866e+05 3.06751277e+05
4.46683592e+08 2.89544879e+05 2.89592255e+05
5.00000000e+08 2.73674508e+05 2.73717494e+05
5.01187234e+08 2.73350215e+05 2.73393113e+05
5.62341325e+08 2.58061243e+05 2.58100160e+05
5.99500000e+08 2.49936681e+05 2.49973578e+05
6.30957344e+08 2.43627330e+05 2.43662704e+05
6.99000000e+08 2.31467586e+05 2.31500136e+05
7.07945784e+08 2.30000674e+05 2.30032892e+05
7.94328235e+08 2.17136142e+05 2.17165546e+05
7.98500000e+08 2.16568253e+05 2.16597536e+05
8.91250938e+08 2.04991128e+05 2.05018016e+05
8.98000000e+08 2.04219443e+05 2.04246176e+05
9.97500000e+08 1.93767737e+05 1.93792417e+05
1.00000000e+09 1.93525404e+05 1.93550038e+05
1.09700000e+09 1.84772368e+05 1.84795353e+05
1.12201845e+09 1.82700996e+05 1.82723600e+05
1.19650000e+09 1.76923785e+05 1.76945341e+05
1.25892541e+09 1.72482050e+05 1.72502816e+05
1.29600000e+09 1.69997359e+05 1.70017688e+05
1.39550000e+09 1.63825595e+05 1.63844855e+05
1.41253754e+09 1.62834719e+05 1.62853809e+05
1.49500000e+09 1.58280715e+05 1.58299030e+05
1.58489319e+09 1.53727049e+05 1.53744597e+05
1.59450000e+09 1.53263313e+05 1.53280782e+05
1.69400000e+09 1.48694737e+05 1.48711442e+05
1.77827941e+09 1.45128874e+05 1.45144985e+05
1.79350000e+09 1.44511833e+05 1.44527841e+05
1.89300000e+09 1.40663227e+05 1.40678593e+05
1.99250000e+09 1.37106641e+05 1.37121411e+05
1.99526231e+09 1.37011716e+05 1.37026470e+05
2.09200000e+09 1.33806923e+05 1.33821137e+05
2.19150000e+09 1.30734574e+05 1.30748264e+05
2.23872114e+09 1.29348690e+05 1.29362142e+05
2.29100000e+09 1.27864630e+05 1.27877825e+05
2.39050000e+09 1.25175801e+05 1.25188525e+05
2.49000000e+09 1.22649809e+05 1.22662083e+05
2.51188643e+09 1.22114419e+05 1.22126597e+05
2.58950000e+09 1.20270857e+05 1.20282699e+05
2.68900000e+09 1.18025212e+05 1.18036639e+05
2.78850000e+09 1.15900874e+05 1.15911899e+05
2.81838293e+09 1.15284944e+05 1.15295851e+05
2.88800000e+09 1.13887303e+05 1.13897938e+05
2.98750000e+09 1.11975196e+05 1.11985453e+05
3.08700000e+09 1.10156311e+05 1.10166198e+05
3.16227766e+09 1.08837651e+05 1.08847264e+05
3.18650000e+09 1.08423313e+05 1.08432838e+05
3.28600000e+09 1.06769648e+05 1.06778820e+05
3.38550000e+09 1.05189445e+05 1.05198270e+05
3.48500000e+09 1.03677422e+05 1.03685905e+05
3.54813389e+09 1.02751192e+05 1.02759461e+05
3.58450000e+09 1.02228814e+05 1.02236961e+05
3.68400000e+09 1.00839309e+05 1.00847125e+05
3.78350000e+09 9.95049966e+04 9.95124849e+04
3.88300000e+09 9.82223173e+04 9.82294817e+04
3.98107171e+09 9.70054154e+04 9.70122639e+04
3.98250000e+09 9.69880256e+04 9.69948695e+04
4.08200000e+09 9.57991547e+04 9.58056810e+04
4.18150000e+09 9.46529863e+04 9.46591976e+04
4.28100000e+09 9.35470245e+04 9.35529232e+04
4.38050000e+09 9.24789731e+04 9.24845612e+04
4.46683592e+09 9.15813022e+04 9.15866222e+04
4.48000000e+09 9.14467153e+04 9.14519945e+04
4.57950000e+09 9.04482961e+04 9.04532682e+04
4.67900000e+09 8.94819068e+04 8.94865733e+04
4.77850000e+09 8.85458715e+04 8.85502336e+04
4.87800000e+09 8.76386342e+04 8.76426930e+04
4.97750000e+09 8.67587485e+04 8.67625050e+04
5.01187234e+09 8.64609003e+04 8.64645526e+04
5.07700000e+09 8.59048676e+04 8.59083228e+04
5.17650000e+09 8.50757359e+04 8.50788905e+04
5.27600000e+09 8.42701810e+04 8.42730357e+04
5.37550000e+09 8.34871068e+04 8.34896621e+04
5.47500000e+09 8.27254872e+04 8.27277436e+04
5.57450000e+09 8.19843606e+04 8.19863184e+04
5.62341325e+09 8.16272661e+04 8.16290774e+04
5.67400000e+09 8.12628245e+04 8.12644842e+04
5.77350000e+09 8.05600313e+04 8.05613932e+04
5.87300000e+09 7.98751838e+04 7.98762479e+04
5.97250000e+09 7.92075313e+04 7.92082980e+04
6.07200000e+09 7.85563666e+04 7.85568359e+04
6.17150000e+09 7.79210225e+04 7.79211944e+04
6.27100000e+09 7.73008688e+04 7.73007434e+04
6.30957344e+09 7.70644094e+04 7.70641688e+04
6.37050000e+09 7.66953101e+04 7.66948873e+04
6.47000000e+09 7.61037831e+04 7.61030630e+04
6.56950000e+09 7.55257545e+04 7.55247370e+04
6.66900000e+09 7.49607190e+04 7.49594038e+04
6.76850000e+09 7.44081972e+04 7.44065844e+04
6.86800000e+09 7.38677343e+04 7.38658236e+04
6.96750000e+09 7.33388982e+04 7.33366895e+04
7.06700000e+09 7.28212783e+04 7.28187713e+04
7.07945784e+09 7.27572404e+04 7.27546960e+04
7.16650000e+09 7.23144839e+04 7.23116784e+04
7.26600000e+09 7.18181431e+04 7.18150389e+04
7.36550000e+09 7.13319016e+04 7.13284985e+04
7.46500000e+09 7.08554219e+04 7.08517195e+04
7.56450000e+09 7.03883818e+04 7.03843799e+04
7.66400000e+09 6.99304740e+04 6.99261723e+04
7.76350000e+09 6.94814050e+04 6.94768032e+04
7.86300000e+09 6.90408942e+04 6.90359920e+04
7.94328235e+09 6.86915198e+04 6.86863749e+04
7.96250000e+09 6.86086735e+04 6.86034705e+04
8.06200000e+09 6.81844862e+04 6.81789821e+04
8.16150000e+09 6.77680869e+04 6.77622813e+04
8.26100000e+09 6.73592402e+04 6.73531329e+04
8.36050000e+09 6.69577208e+04 6.69513114e+04
8.46000000e+09 6.65633127e+04 6.65566007e+04
8.55950000e+09 6.61758085e+04 6.61687937e+04
8.65900000e+09 6.57950094e+04 6.57876913e+04
8.75850000e+09 6.54207244e+04 6.54131027e+04
8.85800000e+09 6.50527701e+04 6.50448444e+04
8.91250938e+09 6.48538129e+04 6.48457205e+04
8.95750000e+09 6.46909701e+04 6.46827401e+04
9.05700000e+09 6.43351551e+04 6.43266203e+04
9.15650000e+09 6.39851619e+04 6.39763220e+04
9.25600000e+09 6.36408336e+04 6.36316883e+04
9.35550000e+09 6.33020194e+04 6.32925681e+04
9.45500000e+09 6.29685737e+04 6.29588161e+04
9.55450000e+09 6.26403563e+04 6.26302921e+04
9.65400000e+09 6.23172323e+04 6.23068610e+04
9.75350000e+09 6.19990714e+04 6.19883926e+04
9.85300000e+09 6.16857480e+04 6.16747613e+04
9.95250000e+09 6.13771409e+04 6.13658459e+04
1.00000000e+10 6.12314448e+04 6.12200026e+04
1.00520000e+10 6.10731330e+04 6.10615295e+04
1.01515000e+10 6.07736115e+04 6.07616989e+04
1.02510000e+10 6.04784672e+04 6.04662452e+04
1.03505000e+10 6.01875946e+04 6.01750628e+04
1.04500000e+10 5.99008919e+04 5.98880498e+04
1.05495000e+10 5.96182604e+04 5.96051077e+04
1.06490000e+10 5.93396049e+04 5.93261412e+04
1.07485000e+10 5.90648331e+04 5.90510580e+04
1.08480000e+10 5.87938558e+04 5.87797689e+04
1.09475000e+10 5.85265865e+04 5.85121875e+04
1.10470000e+10 5.82629417e+04 5.82482301e+04
1.11465000e+10 5.80028401e+04 5.79878156e+04
1.12201845e+10 5.78124596e+04 5.77972032e+04
1.12460000e+10 5.77462033e+04 5.77308655e+04
1.13455000e+10 5.74929552e+04 5.74773037e+04
1.14450000e+10 5.72430219e+04 5.72270564e+04
1.15445000e+10 5.69963319e+04 5.69800519e+04
1.16440000e+10 5.67528157e+04 5.67362209e+04
1.17435000e+10 5.65124060e+04 5.64954959e+04
1.18430000e+10 5.62750374e+04 5.62578117e+04
1.19425000e+10 5.60406464e+04 5.60231047e+04
1.20420000e+10 5.58091713e+04 5.57913133e+04
1.21415000e+10 5.55805524e+04 5.55623777e+04
1.22410000e+10 5.53547314e+04 5.53362397e+04
1.23405000e+10 5.51316519e+04 5.51128427e+04
1.24400000e+10 5.49112589e+04 5.48921319e+04
1.25395000e+10 5.46934991e+04 5.46740539e+04
1.25892541e+10 5.45855814e+04 5.45659770e+04
1.26390000e+10 5.44783204e+04 5.44585567e+04
1.27385000e+10 5.42656725e+04 5.42455899e+04
1.28380000e+10 5.40555061e+04 5.40351043e+04
1.29375000e+10 5.38477736e+04 5.38270521e+04
1.30370000e+10 5.36424282e+04 5.36213868e+04
1.31365000e+10 5.34394249e+04 5.34180632e+04
1.32360000e+10 5.32387194e+04 5.32170370e+04
1.33355000e+10 5.30402688e+04 5.30182655e+04
1.34350000e+10 5.28440314e+04 5.28217067e+04
1.35345000e+10 5.26499663e+04 5.26273199e+04
1.36340000e+10 5.24580338e+04 5.24350654e+04
1.37335000e+10 5.22681953e+04 5.22449046e+04
1.38330000e+10 5.20804131e+04 5.20567996e+04
1.39325000e+10 5.18946503e+04 5.18707138e+04
1.40320000e+10 5.17108711e+04 5.16866112e+04
1.41253754e+10 5.15401772e+04 5.15156135e+04
1.41315000e+10 5.15290406e+04 5.15044570e+04
1.42310000e+10 5.13491245e+04 5.13242169e+04
1.43305000e+10 5.11710897e+04 5.11458577e+04
1.44300000e+10 5.09949036e+04 5.09693469e+04
1.45295000e+10 5.08205345e+04 5.07946528e+04
1.46290000e+10 5.06479515e+04 5.06217445e+04
1.47285000e+10 5.04771244e+04 5.04505917e+04
1.48280000e+10 5.03080237e+04 5.02811650e+04
1.49275000e+10 5.01406205e+04 5.01134355e+04
1.50270000e+10 4.99748867e+04 4.99473751e+04
1.51265000e+10 4.98107948e+04 4.97829563e+04
1.52260000e+10 4.96483180e+04 4.96201522e+04
1.53255000e+10 4.94874299e+04 4.94589367e+04
1.54250000e+10 4.93281050e+04 4.92992839e+04
1.55245000e+10 4.91703181e+04 4.91411689e+04
1.56240000e+10 4.90140448e+04 4.89845671e+04
1.57235000e+10 4.88592610e+04 4.88294545e+04
1.58230000e+10 4.87059432e+04 4.86758077e+04
1.58489319e+10 4.86662232e+04 4.86360018e+04
1.59225000e+10 4.85540687e+04 4.85236037e+04
1.60220000e+10 4.84036148e+04 4.83728202e+04
1.61215000e+10 4.82545597e+04 4.82234351e+04
1.62210000e+10 4.81068818e+04 4.80754270e+04
1.63205000e+10 4.79605602e+04 4.79287749e+04
1.64200000e+10 4.78155743e+04 4.77834582e+04
1.65195000e+10 4.76719039e+04 4.76394567e+04
1.66190000e+10 4.75295293e+04 4.74967507e+04
1.67185000e+10 4.73884313e+04 4.73553210e+04
1.68180000e+10 4.72485908e+04 4.72151485e+04
1.69175000e+10 4.71099894e+04 4.70762149e+04
1.70170000e+10 4.69726090e+04 4.69385019e+04
1.71165000e+10 4.68364317e+04 4.68019919e+04
1.72160000e+10 4.67014402e+04 4.66666673e+04
1.73155000e+10 4.65676175e+04 4.65325112e+04
1.74150000e+10 4.64349467e+04 4.63995067e+04
1.75145000e+10 4.63034115e+04 4.62676377e+04
1.76140000e+10 4.61729959e+04 4.61368879e+04
1.77135000e+10 4.60436841e+04 4.60072416e+04
1.77827941e+10 4.59542722e+04 4.59175966e+04
1.78130000e+10 4.59154606e+04 4.58786835e+04
1.79125000e+10 4.57883104e+04 4.57511983e+04
1.80120000e+10 4.56622187e+04 4.56247713e+04
1.81115000e+10 4.55371707e+04 4.54993878e+04
1.82110000e+10 4.54131523e+04 4.53750337e+04
1.83105000e+10 4.52901495e+04 4.52516949e+04
1.84100000e+10 4.51681485e+04 4.51293576e+04
1.85095000e+10 4.50471359e+04 4.50080084e+04
1.86090000e+10 4.49270983e+04 4.48876341e+04
1.87085000e+10 4.48080229e+04 4.47682216e+04
1.88080000e+10 4.46898969e+04 4.46497583e+04
1.89075000e+10 4.45727078e+04 4.45322317e+04
1.90070000e+10 4.44564433e+04 4.44156294e+04
1.91065000e+10 4.43410913e+04 4.42999394e+04
1.92060000e+10 4.42266401e+04 4.41851499e+04
1.93055000e+10 4.41130780e+04 4.40712492e+04
1.94050000e+10 4.40003936e+04 4.39582260e+04
1.95045000e+10 4.38885756e+04 4.38460690e+04
1.96040000e+10 4.37776132e+04 4.37347673e+04
1.97035000e+10 4.36674954e+04 4.36243100e+04
1.98030000e+10 4.35582116e+04 4.35146865e+04
1.99025000e+10 4.34497515e+04 4.34058864e+04
1.99526231e+10 4.33954234e+04 4.33513869e+04
2.00020000e+10 4.33421047e+04 4.32978994e+04
2.01015000e+10 4.32352612e+04 4.31907155e+04
2.02010000e+10 4.31292111e+04 4.30843246e+04
2.03005000e+10 4.30239446e+04 4.29787172e+04
2.04000000e+10 4.29194521e+04 4.28738837e+04
2.04995000e+10 4.28157244e+04 4.27698145e+04
2.05990000e+10 4.27127521e+04 4.26665006e+04
2.06985000e+10 4.26105261e+04 4.25639328e+04
2.07980000e+10 4.25090375e+04 4.24621022e+04
2.08975000e+10 4.24082776e+04 4.23609999e+04
2.09970000e+10 4.23082376e+04 4.22606174e+04
2.10965000e+10 4.22089090e+04 4.21609462e+04
2.11960000e+10 4.21102837e+04 4.20619778e+04
2.12955000e+10 4.20123531e+04 4.19637042e+04
2.13950000e+10 4.19151095e+04 4.18661171e+04
2.14945000e+10 4.18185446e+04 4.17692086e+04
2.15940000e+10 4.17226508e+04 4.16729710e+04
2.16935000e+10 4.16274203e+04 4.15773964e+04
2.17930000e+10 4.15328455e+04 4.14824774e+04
2.18925000e+10 4.14389190e+04 4.13882065e+04
2.19920000e+10 4.13456335e+04 4.12945762e+04
2.20915000e+10 4.12529817e+04 4.12015795e+04
2.21910000e+10 4.11609565e+04 4.11092092e+04
2.22905000e+10 4.10695509e+04 4.10174583e+04
2.23872114e+10 4.09812943e+04 4.09288659e+04
2.23900000e+10 4.09787580e+04 4.09263199e+04
2.24895000e+10 4.08885710e+04 4.08357872e+04
2.25890000e+10 4.07989833e+04 4.07458535e+04
2.26885000e+10 4.07099883e+04 4.06565124e+04
2.27880000e+10 4.06215794e+04 4.05677572e+04
2.28875000e+10 4.05337504e+04 4.04795816e+04
2.29870000e+10 4.04464950e+04 4.03919794e+04
2.30865000e+10 4.03598068e+04 4.03049443e+04
2.31860000e+10 4.02736800e+04 4.02184703e+04
2.32855000e+10 4.01881084e+04 4.01325514e+04
2.33850000e+10 4.01030862e+04 4.00471816e+04
2.34845000e+10 4.00186075e+04 3.99623552e+04
2.35840000e+10 3.99346666e+04 3.98780663e+04
2.36835000e+10 3.98512578e+04 3.97943094e+04
2.37830000e+10 3.97683756e+04 3.97110788e+04
2.38825000e+10 3.96860144e+04 3.96283691e+04
2.39820000e+10 3.96041689e+04 3.95461749e+04
2.40815000e+10 3.95228338e+04 3.94644909e+04
2.41810000e+10 3.94420037e+04 3.93833117e+04
2.42805000e+10 3.93616735e+04 3.93026322e+04
2.43800000e+10 3.92818381e+04 3.92224473e+04
2.44795000e+10 3.92024925e+04 3.91427521e+04
2.45790000e+10 3.91236317e+04 3.90635414e+04
2.46785000e+10 3.90452508e+04 3.89848104e+04
2.47780000e+10 3.89673449e+04 3.89065543e+04
2.48775000e+10 3.88899094e+04 3.88287684e+04
2.49770000e+10 3.88129396e+04 3.87514480e+04
2.50765000e+10 3.87364308e+04 3.86745884e+04
2.51188643e+10 3.87039943e+04 3.86420024e+04
2.51760000e+10 3.86603784e+04 3.85981850e+04
2.52755000e+10 3.85847780e+04 3.85222335e+04
2.53750000e+10 3.85096251e+04 3.84467293e+04
2.54745000e+10 3.84349154e+04 3.83716680e+04
2.55740000e+10 3.83606445e+04 3.82970455e+04
2.56735000e+10 3.82868082e+04 3.82228573e+04
2.57730000e+10 3.82134023e+04 3.81490994e+04
2.58725000e+10 3.81404227e+04 3.80757675e+04
2.59720000e+10 3.80678652e+04 3.80028576e+04
2.60715000e+10 3.79957259e+04 3.79303657e+04
2.61710000e+10 3.79240007e+04 3.78582877e+04
2.62705000e+10 3.78526857e+04 3.77866198e+04
2.63700000e+10 3.77817771e+04 3.77153581e+04
2.64695000e+10 3.77112710e+04 3.76444988e+04
2.65690000e+10 3.76411637e+04 3.75740380e+04
2.66685000e+10 3.75714514e+04 3.75039721e+04
2.67680000e+10 3.75021305e+04 3.74342974e+04
2.68675000e+10 3.74331973e+04 3.73650103e+04
2.69670000e+10 3.73646483e+04 3.72961072e+04
2.70665000e+10 3.72964799e+04 3.72275845e+04
2.71660000e+10 3.72286887e+04 3.71594388e+04
2.72655000e+10 3.71612711e+04 3.70916666e+04
2.73650000e+10 3.70942239e+04 3.70242646e+04
2.74645000e+10 3.70275435e+04 3.69572293e+04
2.75640000e+10 3.69612268e+04 3.68905575e+04
2.76635000e+10 3.68952705e+04 3.68242458e+04
2.77630000e+10 3.68296713e+04 3.67582912e+04
2.78625000e+10 3.67644260e+04 3.66926903e+04
2.79620000e+10 3.66995315e+04 3.66274400e+04
2.80615000e+10 3.66349847e+04 3.65625372e+04
2.81610000e+10 3.65707824e+04 3.64979789e+04
2.81838293e+10 3.65561001e+04 3.64832149e+04
2.82605000e+10 3.65069217e+04 3.64337620e+04
2.83600000e+10 3.64433996e+04 3.63698834e+04
2.84595000e+10 3.63802131e+04 3.63063403e+04
2.85590000e+10 3.63173592e+04 3.62431297e+04
2.86585000e+10 3.62548352e+04 3.61802488e+04
2.87580000e+10 3.61926381e+04 3.61176946e+04
2.88575000e+10 3.61307650e+04 3.60554644e+04
2.89570000e+10 3.60692133e+04 3.59935553e+04
2.90565000e+10 3.60079802e+04 3.59319647e+04
2.91560000e+10 3.59470629e+04 3.58706898e+04
2.92555000e+10 3.58864588e+04 3.58097278e+04
2.93550000e+10 3.58261652e+04 3.57490763e+04
2.94545000e+10 3.57661795e+04 3.56887324e+04
2.95540000e+10 3.57064991e+04 3.56286937e+04
2.96535000e+10 3.56471214e+04 3.55689576e+04
2.97530000e+10 3.55880439e+04 3.55095215e+04
2.98525000e+10 3.55292641e+04 3.54503830e+04
2.99520000e+10 3.54707795e+04 3.53915395e+04
3.00515000e+10 3.54125877e+04 3.53329887e+04
3.01510000e+10 3.53546863e+04 3.52747280e+04
3.02505000e+10 3.52970728e+04 3.52167552e+04
3.03500000e+10 3.52397449e+04 3.51590679e+04
3.04495000e+10 3.51827003e+04 3.51016636e+04
3.05490000e+10 3.51259366e+04 3.50445402e+04
3.06485000e+10 3.50694516e+04 3.49876953e+04
3.07480000e+10 3.50132431e+04 3.49311267e+04
3.08475000e+10 3.49573088e+04 3.48748321e+04
3.09470000e+10 3.49016464e+04 3.48188094e+04
3.10465000e+10 3.48462538e+04 3.47630564e+04
3.11460000e+10 3.47911289e+04 3.47075708e+04
3.12455000e+10 3.47362696e+04 3.46523507e+04
3.13450000e+10 3.46816736e+04 3.45973938e+04
3.14445000e+10 3.46273389e+04 3.45426981e+04
3.15440000e+10 3.45732636e+04 3.44882615e+04
3.16227766e+10 3.45306333e+04 3.44453451e+04
3.16435000e+10 3.45194454e+04 3.44340820e+04
3.17430000e+10 3.44658825e+04 3.43801575e+04
3.18425000e+10 3.44125727e+04 3.43264862e+04
3.19420000e+10 3.43595142e+04 3.42730659e+04
3.20415000e+10 3.43067050e+04 3.42198948e+04
3.21410000e+10 3.42541432e+04 3.41669709e+04
3.22405000e+10 3.42018268e+04 3.41142923e+04
3.23400000e+10 3.41497539e+04 3.40618571e+04
3.24395000e+10 3.40979228e+04 3.40096635e+04
3.25390000e+10 3.40463315e+04 3.39577096e+04
3.26385000e+10 3.39949782e+04 3.39059936e+04
3.27380000e+10 3.39438611e+04 3.38545136e+04
3.28375000e+10 3.38929784e+04 3.38032679e+04
3.29370000e+10 3.38423284e+04 3.37522548e+04
3.30365000e+10 3.37919092e+04 3.37014723e+04
3.31360000e+10 3.37417192e+04 3.36509189e+04
3.32355000e+10 3.36917566e+04 3.36005928e+04
3.33350000e+10 3.36420198e+04 3.35504924e+04
3.34345000e+10 3.35925071e+04 3.35006158e+04
3.35340000e+10 3.35432167e+04 3.34509615e+04
3.36335000e+10 3.34941471e+04 3.34015278e+04
3.37330000e+10 3.34452966e+04 3.33523131e+04
3.38325000e+10 3.33966636e+04 3.33033158e+04
3.39320000e+10 3.33482466e+04 3.32545343e+04
3.40315000e+10 3.33000438e+04 3.32059670e+04
3.41310000e+10 3.32520539e+04 3.31576123e+04
3.42305000e+10 3.32042752e+04 3.31094687e+04
3.43300000e+10 3.31567061e+04 3.30615347e+04
3.44295000e+10 3.31093453e+04 3.30138087e+04
3.45290000e+10 3.30621911e+04 3.29662893e+04
3.46285000e+10 3.30152421e+04 3.29189750e+04
3.47280000e+10 3.29684968e+04 3.28718642e+04
3.48275000e+10 3.29219538e+04 3.28249556e+04
3.49270000e+10 3.28756117e+04 3.27782477e+04
3.50265000e+10 3.28294689e+04 3.27317390e+04
3.51260000e+10 3.27835241e+04 3.26854282e+04
3.52255000e+10 3.27377759e+04 3.26393139e+04
3.53250000e+10 3.26922229e+04 3.25933947e+04
3.54245000e+10 3.26468637e+04 3.25476691e+04
3.54813389e+10 3.26210390e+04 3.25216350e+04
3.55240000e+10 3.26016970e+04 3.25021359e+04
3.56235000e+10 3.25567214e+04 3.24567937e+04
3.57230000e+10 3.25119357e+04 3.24116412e+04
3.58225000e+10 3.24673384e+04 3.23666771e+04
3.59220000e+10 3.24229282e+04 3.23218999e+04
3.60215000e+10 3.23787040e+04 3.22773086e+04
3.61210000e+10 3.23346643e+04 3.22329017e+04
3.62205000e+10 3.22908080e+04 3.21886780e+04
3.63200000e+10 3.22471338e+04 3.21446363e+04
3.64195000e+10 3.22036404e+04 3.21007753e+04
3.65190000e+10 3.21603265e+04 3.20570938e+04
3.66185000e+10 3.21171911e+04 3.20135905e+04
3.67180000e+10 3.20742328e+04 3.19702642e+04
3.68175000e+10 3.20314505e+04 3.19271138e+04
3.69170000e+10 3.19888430e+04 3.18841381e+04
3.70165000e+10 3.19464090e+04 3.18413359e+04
3.71160000e+10 3.19041476e+04 3.17987060e+04
3.72155000e+10 3.18620574e+04 3.17562473e+04
3.73150000e+10 3.18201373e+04 3.17139586e+04
3.74145000e+10 3.17783863e+04 3.16718388e+04
3.75140000e+10 3.17368032e+04 3.16298867e+04
3.76135000e+10 3.16953869e+04 3.15881014e+04
3.77130000e+10 3.16541362e+04 3.15464816e+04
3.78125000e+10 3.16130501e+04 3.15050263e+04
3.79120000e+10 3.15721276e+04 3.14637344e+04
3.80115000e+10 3.15313675e+04 3.14226048e+04
3.81110000e+10 3.14907688e+04 3.13816365e+04
3.82105000e+10 3.14503304e+04 3.13408284e+04
3.83100000e+10 3.14100513e+04 3.13001794e+04
3.84095000e+10 3.13699304e+04 3.12596886e+04
3.85090000e+10 3.13299668e+04 3.12193550e+04
3.86085000e+10 3.12901594e+04 3.11791774e+04
3.87080000e+10 3.12505072e+04 3.11391550e+04
3.88075000e+10 3.12110093e+04 3.10992866e+04
3.89070000e+10 3.11716646e+04 3.10595714e+04
3.90065000e+10 3.11324721e+04 3.10200083e+04
3.91060000e+10 3.10934310e+04 3.09805964e+04
3.92055000e+10 3.10545401e+04 3.09413348e+04
3.93050000e+10 3.10157986e+04 3.09022223e+04
3.94045000e+10 3.09772056e+04 3.08632582e+04
3.95040000e+10 3.09387601e+04 3.08244415e+04
3.96035000e+10 3.09004611e+04 3.07857713e+04
3.97030000e+10 3.08623078e+04 3.07472466e+04
3.98025000e+10 3.08242993e+04 3.07088665e+04
3.98107171e+10 3.08211668e+04 3.07057034e+04
3.99020000e+10 3.07864345e+04 3.06706302e+04
4.00015000e+10 3.07487127e+04 3.06325367e+04
4.01010000e+10 3.07111330e+04 3.05945851e+04
4.02005000e+10 3.06736945e+04 3.05567746e+04
4.03000000e+10 3.06363962e+04 3.05191044e+04
4.03995000e+10 3.05992374e+04 3.04815734e+04
4.04990000e+10 3.05622172e+04 3.04441809e+04
4.05985000e+10 3.05253348e+04 3.04069261e+04
4.06980000e+10 3.04885892e+04 3.03698080e+04
4.07975000e+10 3.04519797e+04 3.03328259e+04
4.08970000e+10 3.04155054e+04 3.02959789e+04
4.09965000e+10 3.03791655e+04 3.02592662e+04
4.10960000e+10 3.03429592e+04 3.02226870e+04
4.11955000e+10 3.03068857e+04 3.01862405e+04
4.12950000e+10 3.02709442e+04 3.01499259e+04
4.13945000e+10 3.02351339e+04 3.01137424e+04
4.14940000e+10 3.01994540e+04 3.00776892e+04
4.15935000e+10 3.01639037e+04 3.00417654e+04
4.16930000e+10 3.01284823e+04 3.00059705e+04
4.17925000e+10 3.00931890e+04 2.99703035e+04
4.18920000e+10 3.00580230e+04 2.99347638e+04
4.19915000e+10 3.00229836e+04 2.98993505e+04
4.20910000e+10 2.99880700e+04 2.98640629e+04
4.21905000e+10 2.99532814e+04 2.98289004e+04
4.22900000e+10 2.99186173e+04 2.97938620e+04
4.23895000e+10 2.98840767e+04 2.97589472e+04
4.24890000e+10 2.98496591e+04 2.97241552e+04
4.25885000e+10 2.98153636e+04 2.96894852e+04
4.26880000e+10 2.97811895e+04 2.96549366e+04
4.27875000e+10 2.97471363e+04 2.96205087e+04
4.28870000e+10 2.97132031e+04 2.95862007e+04
4.29865000e+10 2.96793892e+04 2.95520119e+04
4.30860000e+10 2.96456940e+04 2.95179418e+04
4.31855000e+10 2.96121168e+04 2.94839895e+04
4.32850000e+10 2.95786569e+04 2.94501544e+04
4.33845000e+10 2.95453137e+04 2.94164359e+04
4.34840000e+10 2.95120864e+04 2.93828332e+04
4.35835000e+10 2.94789744e+04 2.93493458e+04
4.36830000e+10 2.94459771e+04 2.93159728e+04
4.37825000e+10 2.94130938e+04 2.92827138e+04
4.38820000e+10 2.93803238e+04 2.92495681e+04
4.39815000e+10 2.93476666e+04 2.92165349e+04
4.40810000e+10 2.93151214e+04 2.91836138e+04
4.41805000e+10 2.92826876e+04 2.91508039e+04
4.42800000e+10 2.92503647e+04 2.91181048e+04
4.43795000e+10 2.92181520e+04 2.90855158e+04
4.44790000e+10 2.91860488e+04 2.90530363e+04
4.45785000e+10 2.91540546e+04 2.90206656e+04
4.46683592e+10 2.91252536e+04 2.89915245e+04
4.46780000e+10 2.91221688e+04 2.89884032e+04
4.47775000e+10 2.90903908e+04 2.89562485e+04
4.48770000e+10 2.90587199e+04 2.89242008e+04
4.49765000e+10 2.90271555e+04 2.88922596e+04
4.50760000e+10 2.89956972e+04 2.88604243e+04
4.51755000e+10 2.89643442e+04 2.88286943e+04
4.52750000e+10 2.89330961e+04 2.87970690e+04
4.53745000e+10 2.89019522e+04 2.87655479e+04
4.54740000e+10 2.88709120e+04 2.87341303e+04
4.55735000e+10 2.88399749e+04 2.87028157e+04
4.56730000e+10 2.88091403e+04 2.86716036e+04
4.57725000e+10 2.87784077e+04 2.86404934e+04
4.58720000e+10 2.87477765e+04 2.86094845e+04
4.59715000e+10 2.87172463e+04 2.85785764e+04
4.60710000e+10 2.86868164e+04 2.85477686e+04
4.61705000e+10 2.86564862e+04 2.85170604e+04
4.62700000e+10 2.86262554e+04 2.84864515e+04
4.63695000e+10 2.85961232e+04 2.84559411e+04
4.64690000e+10 2.85660893e+04 2.84255289e+04
4.65685000e+10 2.85361531e+04 2.83952143e+04
4.66680000e+10 2.85063140e+04 2.83649967e+04
4.67675000e+10 2.84765715e+04 2.83348756e+04
4.68670000e+10 2.84469252e+04 2.83048506e+04
4.69665000e+10 2.84173745e+04 2.82749211e+04
4.70660000e+10 2.83879189e+04 2.82450867e+04
4.71655000e+10 2.83585579e+04 2.82153467e+04
4.72650000e+10 2.83292910e+04 2.81857008e+04
4.73645000e+10 2.83001177e+04 2.81561484e+04
4.74640000e+10 2.82710376e+04 2.81266890e+04
4.75635000e+10 2.82420501e+04 2.80973222e+04
4.76630000e+10 2.82131548e+04 2.80680475e+04
4.77625000e+10 2.81843511e+04 2.80388643e+04
4.78620000e+10 2.81556386e+04 2.80097722e+04
4.79615000e+10 2.81270169e+04 2.79807708e+04
4.80610000e+10 2.80984854e+04 2.79518596e+04
4.81605000e+10 2.80700437e+04 2.79230380e+04
4.82600000e+10 2.80416914e+04 2.78943057e+04
4.83595000e+10 2.80134279e+04 2.78656621e+04
4.84590000e+10 2.79852528e+04 2.78371069e+04
4.85585000e+10 2.79571657e+04 2.78086396e+04
4.86580000e+10 2.79291661e+04 2.77802596e+04
4.87575000e+10 2.79012535e+04 2.77519666e+04
4.88570000e+10 2.78734276e+04 2.77237602e+04
4.89565000e+10 2.78456878e+04 2.76956399e+04
4.90560000e+10 2.78180338e+04 2.76676052e+04
4.91555000e+10 2.77904651e+04 2.76396557e+04
4.92550000e+10 2.77629813e+04 2.76117910e+04
4.93545000e+10 2.77355819e+04 2.75840107e+04
4.94540000e+10 2.77082666e+04 2.75563143e+04
4.95535000e+10 2.76810348e+04 2.75287014e+04
4.96530000e+10 2.76538863e+04 2.75011716e+04
4.97525000e+10 2.76268205e+04 2.74737245e+04
4.98520000e+10 2.75998371e+04 2.74463597e+04
4.99515000e+10 2.75729356e+04 2.74190767e+04
5.00510000e+10 2.75461156e+04 2.73918752e+04
5.01187234e+10 2.75279074e+04 2.73734072e+04
5.01505000e+10 2.75193768e+04 2.73647547e+04
5.02500000e+10 2.74927187e+04 2.73377149e+04
5.03495000e+10 2.74661409e+04 2.73107553e+04
5.04490000e+10 2.74396431e+04 2.72838755e+04
5.05485000e+10 2.74132248e+04 2.72570752e+04
5.06480000e+10 2.73868857e+04 2.72303540e+04
5.07475000e+10 2.73606253e+04 2.72037115e+04
5.08470000e+10 2.73344433e+04 2.71771472e+04
5.09465000e+10 2.73083393e+04 2.71506609e+04
5.10460000e+10 2.72823130e+04 2.71242521e+04
5.11455000e+10 2.72563638e+04 2.70979204e+04
5.12450000e+10 2.72304916e+04 2.70716655e+04
5.13445000e+10 2.72046958e+04 2.70454870e+04
5.14440000e+10 2.71789761e+04 2.70193846e+04
5.15435000e+10 2.71533322e+04 2.69933578e+04
5.16430000e+10 2.71277637e+04 2.69674063e+04
5.17425000e+10 2.71022702e+04 2.69415298e+04
5.18420000e+10 2.70768514e+04 2.69157278e+04
5.19415000e+10 2.70515068e+04 2.68900001e+04
5.20410000e+10 2.70262363e+04 2.68643462e+04
5.21405000e+10 2.70010393e+04 2.68387659e+04
5.22400000e+10 2.69759156e+04 2.68132587e+04
5.23395000e+10 2.69508648e+04 2.67878243e+04
5.24390000e+10 2.69258865e+04 2.67624625e+04
5.25385000e+10 2.69009805e+04 2.67371727e+04
5.26380000e+10 2.68761463e+04 2.67119547e+04
5.27375000e+10 2.68513837e+04 2.66868082e+04
5.28370000e+10 2.68266922e+04 2.66617328e+04
5.29365000e+10 2.68020717e+04 2.66367281e+04
5.30360000e+10 2.67775216e+04 2.66117939e+04
5.31355000e+10 2.67530417e+04 2.65869299e+04
5.32350000e+10 2.67286318e+04 2.65621356e+04
5.33345000e+10 2.67042913e+04 2.65374107e+04
5.34340000e+10 2.66800201e+04 2.65127550e+04
5.35335000e+10 2.66558178e+04 2.64881682e+04
5.36330000e+10 2.66316840e+04 2.64636498e+04
5.37325000e+10 2.66076186e+04 2.64391996e+04
5.38320000e+10 2.65836210e+04 2.64148173e+04
5.39315000e+10 2.65596911e+04 2.63905025e+04
5.40310000e+10 2.65358285e+04 2.63662549e+04
5.41305000e+10 2.65120330e+04 2.63420743e+04
5.42300000e+10 2.64883041e+04 2.63179603e+04
5.43295000e+10 2.64646417e+04 2.62939126e+04
5.44290000e+10 2.64410453e+04 2.62699310e+04
5.45285000e+10 2.64175147e+04 2.62460150e+04
5.46280000e+10 2.63940496e+04 2.62221645e+04
5.47275000e+10 2.63706498e+04 2.61983791e+04
5.48270000e+10 2.63473148e+04 2.61746585e+04
5.49265000e+10 2.63240444e+04 2.61510024e+04
5.50260000e+10 2.63008384e+04 2.61274106e+04
5.51255000e+10 2.62776963e+04 2.61038827e+04
5.52250000e+10 2.62546180e+04 2.60804184e+04
5.53245000e+10 2.62316032e+04 2.60570176e+04
5.54240000e+10 2.62086515e+04 2.60336798e+04
5.55235000e+10 2.61857627e+04 2.60104048e+04
5.56230000e+10 2.61629365e+04 2.59871924e+04
5.57225000e+10 2.61401727e+04 2.59640421e+04
5.58220000e+10 2.61174708e+04 2.59409539e+04
5.59215000e+10 2.60948308e+04 2.59179273e+04
5.60210000e+10 2.60722522e+04 2.58949622e+04
5.61205000e+10 2.60497349e+04 2.58720582e+04
5.62200000e+10 2.60272785e+04 2.58492150e+04
5.62341325e+10 2.60240938e+04 2.58459754e+04
5.63195000e+10 2.60048828e+04 2.58264325e+04
5.64190000e+10 2.59825475e+04 2.58037103e+04
5.65185000e+10 2.59602723e+04 2.57810482e+04
5.66180000e+10 2.59380571e+04 2.57584458e+04
5.67175000e+10 2.59159014e+04 2.57359031e+04
5.68170000e+10 2.58938051e+04 2.57134196e+04
5.69165000e+10 2.58717680e+04 2.56909951e+04
5.70160000e+10 2.58497896e+04 2.56686294e+04
5.71155000e+10 2.58278699e+04 2.56463221e+04
5.72150000e+10 2.58060084e+04 2.56240732e+04
5.73145000e+10 2.57842051e+04 2.56018822e+04
5.74140000e+10 2.57624596e+04 2.55797490e+04
5.75135000e+10 2.57407717e+04 2.55576733e+04
5.76130000e+10 2.57191410e+04 2.55356549e+04
5.77125000e+10 2.56975675e+04 2.55136934e+04
5.78120000e+10 2.56760508e+04 2.54917887e+04
5.79115000e+10 2.56545907e+04 2.54699405e+04
5.80110000e+10 2.56331870e+04 2.54481486e+04
5.81105000e+10 2.56118393e+04 2.54264127e+04
5.82100000e+10 2.55905475e+04 2.54047326e+04
5.83095000e+10 2.55693114e+04 2.53831081e+04
5.84090000e+10 2.55481306e+04 2.53615389e+04
5.85085000e+10 2.55270050e+04 2.53400247e+04
5.86080000e+10 2.55059344e+04 2.53185654e+04
5.87075000e+10 2.54849184e+04 2.52971608e+04
5.88070000e+10 2.54639569e+04 2.52758105e+04
5.89065000e+10 2.54430496e+04 2.52545143e+04
5.90060000e+10 2.54221963e+04 2.52332721e+04
5.91055000e+10 2.54013968e+04 2.52120836e+04
5.92050000e+10 2.53806508e+04 2.51909485e+04
5.93045000e+10 2.53599581e+04 2.51698667e+04
5.94040000e+10 2.53393186e+04 2.51488379e+04
5.95035000e+10 2.53187319e+04 2.51278619e+04
5.96030000e+10 2.52981979e+04 2.51069385e+04
5.97025000e+10 2.52777163e+04 2.50860675e+04
5.98020000e+10 2.52572870e+04 2.50652486e+04
5.99015000e+10 2.52369096e+04 2.50444816e+04
6.00010000e+10 2.52165841e+04 2.50237664e+04
6.01005000e+10 2.51963101e+04 2.50031026e+04
6.02000000e+10 2.51760874e+04 2.49824902e+04
6.02995000e+10 2.51559159e+04 2.49619288e+04
6.03990000e+10 2.51357954e+04 2.49414182e+04
6.04985000e+10 2.51157256e+04 2.49209583e+04
6.05980000e+10 2.50957063e+04 2.49005489e+04
6.06975000e+10 2.50757373e+04 2.48801897e+04
6.07970000e+10 2.50558184e+04 2.48598805e+04
6.08965000e+10 2.50359494e+04 2.48396212e+04
6.09960000e+10 2.50161302e+04 2.48194115e+04
6.10955000e+10 2.49963604e+04 2.47992512e+04
6.11950000e+10 2.49766399e+04 2.47791401e+04
6.12945000e+10 2.49569685e+04 2.47590780e+04
6.13940000e+10 2.49373460e+04 2.47390648e+04
6.14935000e+10 2.49177722e+04 2.47191002e+04
6.15930000e+10 2.48982469e+04 2.46991840e+04
6.16925000e+10 2.48787699e+04 2.46793161e+04
6.17920000e+10 2.48593411e+04 2.46594961e+04
6.18915000e+10 2.48399601e+04 2.46397241e+04
6.19910000e+10 2.48206269e+04 2.46199997e+04
6.20905000e+10 2.48013412e+04 2.46003227e+04
6.21900000e+10 2.47821028e+04 2.45806930e+04
6.22895000e+10 2.47629116e+04 2.45611104e+04
6.23890000e+10 2.47437674e+04 2.45415747e+04
6.24885000e+10 2.47246700e+04 2.45220857e+04
6.25880000e+10 2.47056191e+04 2.45026433e+04
6.26875000e+10 2.46866147e+04 2.44832471e+04
6.27870000e+10 2.46676565e+04 2.44638972e+04
6.28865000e+10 2.46487443e+04 2.44445932e+04
6.29860000e+10 2.46298780e+04 2.44253349e+04
6.30855000e+10 2.46110574e+04 2.44061223e+04
6.30957344e+10 2.46091241e+04 2.44041487e+04
6.31850000e+10 2.45922823e+04 2.43869551e+04
6.32845000e+10 2.45735525e+04 2.43678332e+04
6.33840000e+10 2.45548678e+04 2.43487564e+04
6.34835000e+10 2.45362281e+04 2.43297244e+04
6.35830000e+10 2.45176332e+04 2.43107371e+04
6.36825000e+10 2.44990830e+04 2.42917944e+04
6.37820000e+10 2.44805771e+04 2.42728961e+04
6.38815000e+10 2.44621156e+04 2.42540420e+04
6.39810000e+10 2.44436981e+04 2.42352319e+04
6.40805000e+10 2.44253246e+04 2.42164656e+04
6.41800000e+10 2.44069948e+04 2.41977431e+04
6.42795000e+10 2.43887086e+04 2.41790640e+04
6.43790000e+10 2.43704658e+04 2.41604283e+04
6.44785000e+10 2.43522663e+04 2.41418358e+04
6.45780000e+10 2.43341099e+04 2.41232863e+04
6.46775000e+10 2.43159964e+04 2.41047796e+04
6.47770000e+10 2.42979256e+04 2.40863157e+04
6.48765000e+10 2.42798974e+04 2.40678942e+04
6.49760000e+10 2.42619117e+04 2.40495151e+04
6.50755000e+10 2.42439682e+04 2.40311782e+04
6.51750000e+10 2.42260669e+04 2.40128833e+04
6.52745000e+10 2.42082074e+04 2.39946303e+04
6.53740000e+10 2.41903898e+04 2.39764190e+04
6.54735000e+10 2.41726138e+04 2.39582493e+04
6.55730000e+10 2.41548792e+04 2.39401210e+04
6.56725000e+10 2.41371860e+04 2.39220339e+04
6.57720000e+10 2.41195339e+04 2.39039879e+04
6.58715000e+10 2.41019228e+04 2.38859828e+04
6.59710000e+10 2.40843526e+04 2.38680185e+04
6.60705000e+10 2.40668230e+04 2.38500948e+04
6.61700000e+10 2.40493340e+04 2.38322116e+04
6.62695000e+10 2.40318854e+04 2.38143687e+04
6.63690000e+10 2.40144770e+04 2.37965659e+04
6.64685000e+10 2.39971087e+04 2.37788032e+04
6.65680000e+10 2.39797803e+04 2.37610803e+04
6.66675000e+10 2.39624918e+04 2.37433972e+04
6.67670000e+10 2.39452428e+04 2.37257536e+04
6.68665000e+10 2.39280334e+04 2.37081494e+04
6.69660000e+10 2.39108632e+04 2.36905846e+04
6.70655000e+10 2.38937323e+04 2.36730588e+04
6.71650000e+10 2.38766405e+04 2.36555720e+04
6.72645000e+10 2.38595875e+04 2.36381241e+04
6.73640000e+10 2.38425733e+04 2.36207148e+04
6.74635000e+10 2.38255977e+04 2.36033442e+04
6.75630000e+10 2.38086607e+04 2.35860119e+04
6.76625000e+10 2.37917619e+04 2.35687179e+04
6.77620000e+10 2.37749014e+04 2.35514620e+04
6.78615000e+10 2.37580789e+04 2.35342441e+04
6.79610000e+10 2.37412943e+04 2.35170640e+04
6.80605000e+10 2.37245475e+04 2.34999217e+04
6.81600000e+10 2.37078383e+04 2.34828169e+04
6.82595000e+10 2.36911667e+04 2.34657496e+04
6.83590000e+10 2.36745324e+04 2.34487196e+04
6.84585000e+10 2.36579353e+04 2.34317267e+04
6.85580000e+10 2.36413754e+04 2.34147709e+04
6.86575000e+10 2.36248524e+04 2.33978519e+04
6.87570000e+10 2.36083662e+04 2.33809697e+04
6.88565000e+10 2.35919167e+04 2.33641242e+04
6.89560000e+10 2.35755038e+04 2.33473151e+04
6.90555000e+10 2.35591274e+04 2.33305424e+04
6.91550000e+10 2.35427872e+04 2.33138059e+04
6.92545000e+10 2.35264832e+04 2.32971056e+04
6.93540000e+10 2.35102152e+04 2.32804412e+04
6.94535000e+10 2.34939832e+04 2.32638126e+04
6.95530000e+10 2.34777869e+04 2.32472198e+04
6.96525000e+10 2.34616263e+04 2.32306626e+04
6.97520000e+10 2.34455013e+04 2.32141408e+04
6.98515000e+10 2.34294116e+04 2.31976543e+04
6.99510000e+10 2.34133572e+04 2.31812031e+04
7.00505000e+10 2.33973379e+04 2.31647869e+04
7.01500000e+10 2.33813537e+04 2.31484057e+04
7.02495000e+10 2.33654044e+04 2.31320594e+04
7.03490000e+10 2.33494899e+04 2.31157477e+04
7.04485000e+10 2.33336100e+04 2.30994707e+04
7.05480000e+10 2.33177647e+04 2.30832281e+04
7.06475000e+10 2.33019537e+04 2.30670198e+04
7.07470000e+10 2.32861771e+04 2.30508458e+04
7.07945784e+10 2.32786452e+04 2.30431238e+04
7.08465000e+10 2.32704346e+04 2.30347059e+04
7.09460000e+10 2.32547262e+04 2.30186000e+04
7.10455000e+10 2.32390517e+04 2.30025279e+04
7.11450000e+10 2.32234111e+04 2.29864896e+04
7.12445000e+10 2.32078041e+04 2.29704849e+04
7.13440000e+10 2.31922307e+04 2.29545137e+04
7.14435000e+10 2.31766908e+04 2.29385759e+04
7.15430000e+10 2.31611842e+04 2.29226714e+04
7.16425000e+10 2.31457108e+04 2.29068000e+04
7.17420000e+10 2.31302706e+04 2.28909618e+04
7.18415000e+10 2.31148634e+04 2.28751564e+04
7.19410000e+10 2.30994890e+04 2.28593838e+04
7.20405000e+10 2.30841474e+04 2.28436440e+04
7.21400000e+10 2.30688385e+04 2.28279368e+04
7.22395000e+10 2.30535621e+04 2.28122620e+04
7.23390000e+10 2.30383182e+04 2.27966196e+04
7.24385000e+10 2.30231066e+04 2.27810095e+04
7.25380000e+10 2.30079272e+04 2.27654315e+04
7.26375000e+10 2.29927799e+04 2.27498855e+04
7.27370000e+10 2.29776646e+04 2.27343715e+04
7.28365000e+10 2.29625812e+04 2.27188893e+04
7.29360000e+10 2.29475295e+04 2.27034388e+04
7.30355000e+10 2.29325096e+04 2.26880199e+04
7.31350000e+10 2.29175211e+04 2.26726325e+04
7.32345000e+10 2.29025642e+04 2.26572764e+04
7.33340000e+10 2.28876386e+04 2.26419517e+04
7.34335000e+10 2.28727442e+04 2.26266581e+04
7.35330000e+10 2.28578809e+04 2.26113956e+04
7.36325000e+10 2.28430487e+04 2.25961641e+04
7.37320000e+10 2.28282474e+04 2.25809634e+04
7.38315000e+10 2.28134770e+04 2.25657935e+04
7.39310000e+10 2.27987372e+04 2.25506542e+04
7.40305000e+10 2.27840281e+04 2.25355455e+04
7.41300000e+10 2.27693495e+04 2.25204672e+04
7.42295000e+10 2.27547012e+04 2.25054193e+04
7.43290000e+10 2.27400833e+04 2.24904016e+04
7.44285000e+10 2.27254956e+04 2.24754140e+04
7.45280000e+10 2.27109380e+04 2.24604565e+04
7.46275000e+10 2.26964104e+04 2.24455289e+04
7.47270000e+10 2.26819127e+04 2.24306312e+04
7.48265000e+10 2.26674448e+04 2.24157632e+04
7.49260000e+10 2.26530067e+04 2.24009248e+04
7.50255000e+10 2.26385981e+04 2.23861160e+04
7.51250000e+10 2.26242190e+04 2.23713367e+04
7.52245000e+10 2.26098694e+04 2.23565866e+04
7.53240000e+10 2.25955491e+04 2.23418659e+04
7.54235000e+10 2.25812579e+04 2.23271742e+04
7.55230000e+10 2.25669959e+04 2.23125117e+04
7.56225000e+10 2.25527630e+04 2.22978781e+04
7.57220000e+10 2.25385590e+04 2.22832733e+04
7.58215000e+10 2.25243838e+04 2.22686974e+04
7.59210000e+10 2.25102373e+04 2.22541501e+04
7.60205000e+10 2.24961195e+04 2.22396314e+04
7.61200000e+10 2.24820303e+04 2.22251412e+04
7.62195000e+10 2.24679695e+04 2.22106794e+04
7.63190000e+10 2.24539371e+04 2.21962459e+04
7.64185000e+10 2.24399329e+04 2.21818406e+04
7.65180000e+10 2.24259570e+04 2.21674634e+04
7.66175000e+10 2.24120091e+04 2.21531143e+04
7.67170000e+10 2.23980892e+04 2.21387931e+04
7.68165000e+10 2.23841973e+04 2.21244997e+04
7.69160000e+10 2.23703332e+04 2.21102341e+04
7.70155000e+10 2.23564968e+04 2.20959961e+04
7.71150000e+10 2.23426880e+04 2.20817858e+04
7.72145000e+10 2.23289068e+04 2.20676029e+04
7.73140000e+10 2.23151531e+04 2.20534475e+04
7.74135000e+10 2.23014267e+04 2.20393193e+04
7.75130000e+10 2.22877277e+04 2.20252184e+04
7.76125000e+10 2.22740558e+04 2.20111446e+04
7.77120000e+10 2.22604110e+04 2.19970978e+04
7.78115000e+10 2.22467933e+04 2.19830780e+04
7.79110000e+10 2.22332025e+04 2.19690851e+04
7.80105000e+10 2.22196386e+04 2.19551190e+04
7.81100000e+10 2.22061015e+04 2.19411796e+04
7.82095000e+10 2.21925910e+04 2.19272668e+04
7.83090000e+10 2.21791071e+04 2.19133806e+04
7.84085000e+10 2.21656498e+04 2.18995208e+04
7.85080000e+10 2.21522188e+04 2.18856874e+04
7.86075000e+10 2.21388143e+04 2.18718802e+04
7.87070000e+10 2.21254360e+04 2.18580993e+04
7.88065000e+10 2.21120838e+04 2.18443445e+04
7.89060000e+10 2.20987578e+04 2.18306157e+04
7.90055000e+10 2.20854578e+04 2.18169128e+04
7.91050000e+10 2.20721837e+04 2.18032359e+04
7.92045000e+10 2.20589355e+04 2.17895847e+04
7.93040000e+10 2.20457131e+04 2.17759593e+04
7.94035000e+10 2.20325163e+04 2.17623594e+04
7.94328235e+10 2.20286320e+04 2.17583563e+04
7.95030000e+10 2.20193452e+04 2.17487851e+04
7.96025000e+10 2.20061996e+04 2.17352363e+04
7.97020000e+10 2.19930794e+04 2.17217129e+04
7.98015000e+10 2.19799847e+04 2.17082148e+04
7.99010000e+10 2.19669152e+04 2.16947419e+04
8.00005000e+10 2.19538709e+04 2.16812942e+04
8.01000000e+10 2.19408518e+04 2.16678716e+04
8.01995000e+10 2.19278577e+04 2.16544739e+04
8.02990000e+10 2.19148886e+04 2.16411012e+04
8.03985000e+10 2.19019445e+04 2.16277533e+04
8.04980000e+10 2.18890251e+04 2.16144302e+04
8.05975000e+10 2.18761305e+04 2.16011317e+04
8.06970000e+10 2.18632606e+04 2.15878579e+04
8.07965000e+10 2.18504153e+04 2.15746086e+04
8.08960000e+10 2.18375945e+04 2.15613838e+04
8.09955000e+10 2.18247981e+04 2.15481833e+04
8.10950000e+10 2.18120262e+04 2.15350072e+04
8.11945000e+10 2.17992785e+04 2.15218553e+04
8.12940000e+10 2.17865550e+04 2.15087276e+04
8.13935000e+10 2.17738557e+04 2.14956239e+04
8.14930000e+10 2.17611805e+04 2.14825443e+04
8.15925000e+10 2.17485293e+04 2.14694886e+04
8.16920000e+10 2.17359020e+04 2.14564568e+04
8.17915000e+10 2.17232986e+04 2.14434488e+04
8.18910000e+10 2.17107189e+04 2.14304645e+04
8.19905000e+10 2.16981630e+04 2.14175039e+04
8.20900000e+10 2.16856307e+04 2.14045668e+04
8.21895000e+10 2.16731220e+04 2.13916532e+04
8.22890000e+10 2.16606368e+04 2.13787631e+04
8.23885000e+10 2.16481750e+04 2.13658964e+04
8.24880000e+10 2.16357366e+04 2.13530529e+04
8.25875000e+10 2.16233215e+04 2.13402327e+04
8.26870000e+10 2.16109295e+04 2.13274356e+04
8.27865000e+10 2.15985608e+04 2.13146616e+04
8.28860000e+10 2.15862151e+04 2.13019106e+04
8.29855000e+10 2.15738924e+04 2.12891826e+04
8.30850000e+10 2.15615926e+04 2.12764774e+04
8.31845000e+10 2.15493158e+04 2.12637951e+04
8.32840000e+10 2.15370617e+04 2.12511355e+04
8.33835000e+10 2.15248304e+04 2.12384986e+04
8.34830000e+10 2.15126217e+04 2.12258842e+04
8.35825000e+10 2.15004356e+04 2.12132924e+04
8.36820000e+10 2.14882721e+04 2.12007231e+04
8.37815000e+10 2.14761310e+04 2.11881762e+04
8.38810000e+10 2.14640124e+04 2.11756517e+04
8.39805000e+10 2.14519160e+04 2.11631494e+04
8.40800000e+10 2.14398420e+04 2.11506693e+04
8.41795000e+10 2.14277901e+04 2.11382113e+04
8.42790000e+10 2.14157604e+04 2.11257755e+04
8.43785000e+10 2.14037527e+04 2.11133616e+04
8.44780000e+10 2.13917671e+04 2.11009697e+04
8.45775000e+10 2.13798034e+04 2.10885996e+04
8.46770000e+10 2.13678616e+04 2.10762514e+04
8.47765000e+10 2.13559416e+04 2.10639249e+04
8.48760000e+10 2.13440433e+04 2.10516202e+04
8.49755000e+10 2.13321667e+04 2.10393370e+04
8.50750000e+10 2.13203118e+04 2.10270754e+04
8.51745000e+10 2.13084784e+04 2.10148353e+04
8.52740000e+10 2.12966665e+04 2.10026166e+04
8.53735000e+10 2.12848760e+04 2.09904193e+04
8.54730000e+10 2.12731069e+04 2.09782433e+04
8.55725000e+10 2.12613591e+04 2.09660886e+04
8.56720000e+10 2.12496326e+04 2.09539551e+04
8.57715000e+10 2.12379273e+04 2.09418426e+04
8.58710000e+10 2.12262430e+04 2.09297513e+04
8.59705000e+10 2.12145799e+04 2.09176809e+04
8.60700000e+10 2.12029377e+04 2.09056315e+04
8.61695000e+10 2.11913165e+04 2.08936030e+04
8.62690000e+10 2.11797162e+04 2.08815953e+04
8.63685000e+10 2.11681367e+04 2.08696083e+04
8.64680000e+10 2.11565779e+04 2.08576421e+04
8.65675000e+10 2.11450399e+04 2.08456964e+04
8.66670000e+10 2.11335225e+04 2.08337714e+04
8.67665000e+10 2.11220257e+04 2.08218669e+04
8.68660000e+10 2.11105494e+04 2.08099829e+04
8.69655000e+10 2.10990936e+04 2.07981192e+04
8.70650000e+10 2.10876582e+04 2.07862760e+04
8.71645000e+10 2.10762431e+04 2.07744530e+04
8.72640000e+10 2.10648483e+04 2.07626502e+04
8.73635000e+10 2.10534738e+04 2.07508676e+04
8.74630000e+10 2.10421194e+04 2.07391051e+04
8.75625000e+10 2.10307852e+04 2.07273627e+04
8.76620000e+10 2.10194710e+04 2.07156403e+04
8.77615000e+10 2.10081769e+04 2.07039378e+04
8.78610000e+10 2.09969026e+04 2.06922552e+04
8.79605000e+10 2.09856483e+04 2.06805925e+04
8.80600000e+10 2.09744138e+04 2.06689495e+04
8.81595000e+10 2.09631991e+04 2.06573263e+04
8.82590000e+10 2.09520041e+04 2.06457227e+04
8.83585000e+10 2.09408288e+04 2.06341387e+04
8.84580000e+10 2.09296731e+04 2.06225743e+04
8.85575000e+10 2.09185370e+04 2.06110293e+04
8.86570000e+10 2.09074203e+04 2.05995038e+04
8.87565000e+10 2.08963231e+04 2.05879977e+04
8.88560000e+10 2.08852454e+04 2.05765110e+04
8.89555000e+10 2.08741869e+04 2.05650435e+04
8.90550000e+10 2.08631477e+04 2.05535953e+04
8.91250938e+10 2.08553826e+04 2.05455419e+04
8.91545000e+10 2.08521278e+04 2.05421662e+04
8.92540000e+10 2.08411271e+04 2.05307562e+04
8.93535000e+10 2.08301455e+04 2.05193653e+04
8.94530000e+10 2.08191829e+04 2.05079934e+04
8.95525000e+10 2.08082394e+04 2.04966405e+04
8.96520000e+10 2.07973148e+04 2.04853065e+04
8.97515000e+10 2.07864092e+04 2.04739914e+04
8.98510000e+10 2.07755224e+04 2.04626950e+04
8.99505000e+10 2.07646544e+04 2.04514174e+04
9.00500000e+10 2.07538052e+04 2.04401585e+04
9.01495000e+10 2.07429747e+04 2.04289182e+04
9.02490000e+10 2.07321629e+04 2.04176966e+04
9.03485000e+10 2.07213697e+04 2.04064935e+04
9.04480000e+10 2.07105950e+04 2.03953089e+04
9.05475000e+10 2.06998388e+04 2.03841427e+04
9.06470000e+10 2.06891011e+04 2.03729949e+04
9.07465000e+10 2.06783817e+04 2.03618654e+04
9.08460000e+10 2.06676808e+04 2.03507543e+04
9.09455000e+10 2.06569981e+04 2.03396614e+04
9.10450000e+10 2.06463337e+04 2.03285867e+04
9.11445000e+10 2.06356874e+04 2.03175301e+04
9.12440000e+10 2.06250594e+04 2.03064916e+04
9.13435000e+10 2.06144494e+04 2.02954711e+04
9.14430000e+10 2.06038575e+04 2.02844687e+04
9.15425000e+10 2.05932836e+04 2.02734842e+04
9.16420000e+10 2.05827276e+04 2.02625176e+04
9.17415000e+10 2.05721896e+04 2.02515688e+04
9.18410000e+10 2.05616694e+04 2.02406378e+04
9.19405000e+10 2.05511670e+04 2.02297246e+04
9.20400000e+10 2.05406824e+04 2.02188291e+04
9.21395000e+10 2.05302155e+04 2.02079512e+04
9.22390000e+10 2.05197663e+04 2.01970910e+04
9.23385000e+10 2.05093347e+04 2.01862483e+04
9.24380000e+10 2.04989206e+04 2.01754231e+04
9.25375000e+10 2.04885241e+04 2.01646154e+04
9.26370000e+10 2.04781451e+04 2.01538251e+04
9.27365000e+10 2.04677834e+04 2.01430522e+04
9.28360000e+10 2.04574392e+04 2.01322966e+04
9.29355000e+10 2.04471123e+04 2.01215582e+04
9.30350000e+10 2.04368027e+04 2.01108371e+04
9.31345000e+10 2.04265104e+04 2.01001332e+04
9.32340000e+10 2.04162352e+04 2.00894464e+04
9.33335000e+10 2.04059772e+04 2.00787768e+04
9.34330000e+10 2.03957363e+04 2.00681241e+04
9.35325000e+10 2.03855125e+04 2.00574885e+04
9.36320000e+10 2.03753057e+04 2.00468699e+04
9.37315000e+10 2.03651159e+04 2.00362681e+04
9.38310000e+10 2.03549429e+04 2.00256832e+04
9.39305000e+10 2.03447869e+04 2.00151151e+04
9.40300000e+10 2.03346477e+04 2.00045639e+04
9.41295000e+10 2.03245253e+04 1.99940293e+04
9.42290000e+10 2.03144197e+04 1.99835114e+04
9.43285000e+10 2.03043307e+04 1.99730102e+04
9.44280000e+10 2.02942584e+04 1.99625256e+04
9.45275000e+10 2.02842028e+04 1.99520575e+04
9.46270000e+10 2.02741637e+04 1.99416060e+04
9.47265000e+10 2.02641411e+04 1.99311709e+04
9.48260000e+10 2.02541350e+04 1.99207523e+04
9.49255000e+10 2.02441454e+04 1.99103500e+04
9.50250000e+10 2.02341722e+04 1.98999641e+04
9.51245000e+10 2.02242153e+04 1.98895945e+04
9.52240000e+10 2.02142748e+04 1.98792411e+04
9.53235000e+10 2.02043505e+04 1.98689040e+04
9.54230000e+10 2.01944424e+04 1.98585830e+04
9.55225000e+10 2.01845505e+04 1.98482781e+04
9.56220000e+10 2.01746748e+04 1.98379894e+04
9.57215000e+10 2.01648152e+04 1.98277166e+04
9.58210000e+10 2.01549717e+04 1.98174599e+04
9.59205000e+10 2.01451441e+04 1.98072192e+04
9.60200000e+10 2.01353326e+04 1.97969943e+04
9.61195000e+10 2.01255370e+04 1.97867854e+04
9.62190000e+10 2.01157572e+04 1.97765922e+04
9.63185000e+10 2.01059934e+04 1.97664149e+04
9.64180000e+10 2.00962453e+04 1.97562534e+04
9.65175000e+10 2.00865131e+04 1.97461075e+04
9.66170000e+10 2.00767965e+04 1.97359773e+04
9.67165000e+10 2.00670957e+04 1.97258628e+04
9.68160000e+10 2.00574105e+04 1.97157638e+04
9.69155000e+10 2.00477409e+04 1.97056805e+04
9.70150000e+10 2.00380869e+04 1.96956126e+04
9.71145000e+10 2.00284484e+04 1.96855602e+04
9.72140000e+10 2.00188255e+04 1.96755232e+04
9.73135000e+10 2.00092179e+04 1.96655016e+04
9.74130000e+10 1.99996258e+04 1.96554954e+04
9.75125000e+10 1.99900491e+04 1.96455045e+04
9.76120000e+10 1.99804877e+04 1.96355289e+04
9.77115000e+10 1.99709416e+04 1.96255685e+04
9.78110000e+10 1.99614107e+04 1.96156233e+04
9.79105000e+10 1.99518951e+04 1.96056933e+04
9.80100000e+10 1.99423947e+04 1.95957784e+04
9.81095000e+10 1.99329094e+04 1.95858785e+04
9.82090000e+10 1.99234392e+04 1.95759938e+04
9.83085000e+10 1.99139841e+04 1.95661240e+04
9.84080000e+10 1.99045440e+04 1.95562692e+04
9.85075000e+10 1.98951189e+04 1.95464293e+04
9.86070000e+10 1.98857087e+04 1.95366044e+04
9.87065000e+10 1.98763135e+04 1.95267943e+04
9.88060000e+10 1.98669331e+04 1.95169990e+04
9.89055000e+10 1.98575676e+04 1.95072184e+04
9.90050000e+10 1.98482169e+04 1.94974527e+04
9.91045000e+10 1.98388809e+04 1.94877016e+04
9.92040000e+10 1.98295597e+04 1.94779652e+04
9.93035000e+10 1.98202532e+04 1.94682435e+04
9.94030000e+10 1.98109613e+04 1.94585363e+04
9.95025000e+10 1.98016840e+04 1.94488437e+04
9.96020000e+10 1.97924213e+04 1.94391656e+04
9.97015000e+10 1.97831732e+04 1.94295020e+04
9.98010000e+10 1.97739396e+04 1.94198529e+04
9.99005000e+10 1.97647205e+04 1.94102181e+04
1.00000000e+11 1.97555157e+04 1.94005978e+04
1.12201845e+11 1.87259718e+04 1.83196424e+04
1.25892541e+11 1.77640184e+04 1.72989734e+04
1.41253754e+11 1.68672595e+04 1.63350431e+04
1.58489319e+11 1.60336521e+04 1.54244285e+04
1.77827941e+11 1.52615288e+04 1.45637946e+04
1.99526231e+11 1.45496303e+04 1.37498476e+04
2.23872114e+11 1.38971496e+04 1.29792714e+04
2.51188643e+11 1.33037895e+04 1.22486413e+04
2.81838293e+11 1.27698386e+04 1.15543008e+04
3.16227766e+11 1.22962659e+04 1.08921834e+04
3.54813389e+11 1.18848369e+04 1.02575496e+04
3.98107171e+11 1.15382439e+04 9.64458907e+03
4.46683592e+11 1.12602304e+04 9.04581265e+03
5.01187234e+11 1.10556513e+04 8.45111059e+03
5.62341325e+11 1.09303266e+04 7.84628512e+03
6.30957344e+11 1.08903530e+04 7.21077820e+03
7.07945784e+11 1.09401188e+04 6.51425612e+03
7.94328235e+11 1.10773877e+04 5.71189854e+03
8.91250938e+11 1.12822012e+04 4.73940622e+03
1.00000000e+12 1.14943861e+04 3.51294089e+03
1.12201845e+12 1.15765362e+04 1.95024393e+03
1.25892541e+12 1.12820388e+04 4.52192327e+01
1.41253754e+12 1.03120809e+04 -1.99355635e+03
1.58489319e+12 8.56348878e+03 -3.68484651e+03
1.77827941e+12 6.37483781e+03 -4.55907448e+03
1.99526231e+12 4.31951483e+03 -4.57012503e+03
2.23872114e+12 2.75115849e+03 -4.04758227e+03
2.51188643e+12 1.69797405e+03 -3.34510043e+03
2.81838293e+12 1.03636540e+03 -2.66697405e+03
3.16227766e+12 6.32451546e+02 -2.09011157e+03
3.54813389e+12 3.87800854e+02 -1.62632352e+03
3.98107171e+12 2.39298480e+02 -1.26287514e+03
4.46683592e+12 1.48583334e+02 -9.81125030e+02
5.01187234e+12 9.27477859e+01 -7.63476419e+02
5.62341325e+12 5.81295064e+01 -5.95333408e+02
6.30957344e+12 3.65303051e+01 -4.65206301e+02
7.07945784e+12 2.29863152e+01 -3.64251271e+02
7.94328235e+12 1.44627891e+01 -2.85720244e+02
8.91250938e+12 9.08717880e+00 -2.24474442e+02
1.00000000e+13 5.69448559e+00 -1.76595132e+02
1.00000000e+15 3.72112618e-13 -4.25296416e-07
