Frequency [Hz]	Re(Zxdip) [Ohm/m]	Im(Zxdip) [Ohm/m]
1.00000000e+01 2.47860175e+09 8.99038570e+09
1.12201845e+01 2.54916208e+09 8.78510092e+09
1.25892541e+01 2.61441544e+09 8.57262713e+09
1.41253754e+01 2.67380691e+09 8.35356814e+09
1.58489319e+01 2.72683799e+09 8.12860227e+09
1.77827941e+01 2.77307645e+09 7.89847319e+09
1.99526231e+01 2.81216465e+09 7.66397912e+09
2.23872114e+01 2.84382592e+09 7.42596058e+09
2.51188643e+01 2.86786897e+09 7.18528736e+09
2.81838293e+01 2.88418994e+09 6.94284485e+09
3.16227766e+01 2.89277242e+09 6.69952049e+09
3.54813389e+01 2.89368516e+09 6.45619049e+09
3.98107171e+01 2.88707792e+09 6.21370746e+09
4.46683592e+01 2.87317557e+09 5.97288913e+09
5.01187234e+01 2.85227073e+09 5.73450851e+09
5.62341325e+01 2.82471537e+09 5.49928567e+09
6.30957344e+01 2.79091165e+09 5.26788120e+09
7.07945784e+01 2.75130237e+09 5.04089149e+09
7.94328235e+01 2.70636131e+09 4.81884561e+09
8.91250938e+01 2.65658385e+09 4.60220398e+09
1.00000000e+02 2.60247805e+09 4.39135828e+09
1.12201845e+02 2.54455629e+09 4.18663288e+09
1.25892541e+02 2.48332784e+09 3.98828717e+09
1.41253754e+02 2.41929226e+09 3.79651887e+09
1.58489319e+02 2.35293373e+09 3.61146805e+09
1.77827941e+02 2.28471638e+09 3.43322151e+09
1.99526231e+02 2.21508057e+09 3.26181760e+09
2.23872114e+02 2.14444000e+09 3.09725114e+09
2.51188643e+02 2.07317967e+09 2.93947833e+09
2.81838293e+02 2.00165465e+09 2.78842159e+09
3.16227766e+02 1.93018939e+09 2.64397428e+09
3.54813389e+02 1.85907766e+09 2.50600506e+09
3.98107171e+02 1.78858301e+09 2.37436208e+09
4.46683592e+02 1.71893951e+09 2.24887671e+09
5.01187234e+02 1.65035291e+09 2.12936710e+09
5.62341325e+02 1.58300197e+09 2.01564123e+09
6.30957344e+02 1.51704000e+09 1.90749970e+09
7.07945784e+02 1.45259651e+09 1.80473822e+09
7.94328235e+02 1.38977892e+09 1.70714974e+09
8.91250938e+02 1.32867429e+09 1.61452626e+09
1.00000000e+03 1.26935109e+09 1.52666045e+09
1.12201845e+03 1.21186090e+09 1.44334698e+09
1.25892541e+03 1.15624005e+09 1.36438360e+09
1.41253754e+03 1.10251120e+09 1.28957209e+09
1.58489319e+03 1.05068491e+09 1.21871898e+09
1.77827941e+03 1.00076094e+09 1.15163612e+09
1.99526231e+03 9.52729691e+08 1.08814114e+09
2.23872114e+03 9.06573353e+08 1.02805776e+09
2.51188643e+03 8.62267067e+08 9.71216024e+08
2.81838293e+03 8.19779954e+08 9.17452459e+08
3.16227766e+03 7.79076056e+08 8.66610108e+08
3.54813389e+03 7.40115193e+08 8.18538554e+08
3.98107171e+03 7.02853735e+08 7.73093873e+08
4.46683592e+03 6.67245291e+08 7.30138548e+08
5.01187234e+03 6.33241325e+08 6.89541347e+08
5.62341325e+03 6.00791711e+08 6.51177179e+08
6.30957344e+03 5.69845208e+08 6.14926923e+08
7.07945784e+03 5.40349895e+08 5.80677251e+08
7.94328235e+03 5.12253537e+08 5.48320428e+08
8.91250938e+03 4.85503909e+08 5.17754112e+08
1.00000000e+04 4.60049077e+08 4.88881148e+08
1.12201845e+04 4.35837636e+08 4.61609357e+08
1.25892541e+04 4.12818910e+08 4.35851327e+08
1.41253754e+04 3.90943126e+08 4.11524205e+08
1.58489319e+04 3.70161549e+08 3.88549494e+08
1.77827941e+04 3.50426607e+08 3.66852849e+08
1.99526231e+04 3.31691972e+08 3.46363882e+08
2.23872114e+04 3.13912642e+08 3.27015973e+08
2.51188643e+04 2.97044990e+08 3.08746081e+08
2.81838293e+04 2.81046535e+08 2.91494632e+08
3.16227766e+04 2.65877319e+08 2.75205046e+08
3.54813389e+04 2.51497217e+08 2.59824164e+08
3.98107171e+04 2.37868642e+08 2.45301502e+08
4.46683592e+04 2.24955194e+08 2.31589391e+08
5.01187234e+04 2.12721910e+08 2.18642777e+08
5.62341325e+04 2.01135253e+08 2.06419081e+08
6.30957344e+04 1.90163082e+08 1.94878068e+08
7.07945784e+04 1.79774628e+08 1.83981723e+08
7.94328235e+04 1.69940459e+08 1.73694128e+08
8.91250938e+04 1.60632446e+08 1.63981353e+08
1.00000000e+05 1.51823729e+08 1.54811348e+08
1.12201845e+05 1.43488675e+08 1.46153836e+08
1.25892541e+05 1.35602839e+08 1.37980224e+08
1.41253754e+05 1.28142926e+08 1.30263505e+08
1.58489319e+05 1.21086746e+08 1.22978172e+08
1.77827941e+05 1.14413175e+08 1.16100139e+08
1.99526231e+05 1.08102116e+08 1.09606658e+08
2.23872114e+05 1.02134455e+08 1.03476250e+08
2.51188643e+05 9.64920214e+07 9.76886305e+07
2.81838293e+05 9.11575506e+07 9.22246467e+07
3.16227766e+05 8.61146435e+07 8.70662133e+07
3.54813389e+05 8.13477293e+07 8.21962541e+07
3.98107171e+05 7.68420285e+07 7.75986452e+07
4.46683592e+05 7.25835176e+07 7.32581629e+07
5.01187234e+05 6.85588938e+07 6.91604331e+07
5.62341325e+05 6.47555422e+07 6.52918845e+07
6.30957344e+05 6.11615028e+07 6.16397034e+07
7.07945784e+05 5.77654396e+07 5.81917921e+07
7.94328235e+05 5.45566104e+07 5.49367288e+07
8.91250938e+05 5.15248382e+07 5.18637296e+07
1.00000000e+06 4.86604829e+07 4.89626134e+07
1.12201845e+06 4.59544154e+07 4.62237680e+07
1.25892541e+06 4.33979916e+07 4.36381186e+07
1.41253754e+06 4.09830283e+07 4.11970974e+07
1.58489319e+06 3.87017795e+07 3.88926159e+07
1.77827941e+06 3.65469146e+07 3.67170375e+07
1.99526231e+06 3.45114969e+07 3.46631527e+07
2.23872114e+06 3.25889632e+07 3.27241551e+07
2.51188643e+06 3.07731048e+07 3.08936188e+07
2.81838293e+06 2.90580487e+07 2.91654773e+07
3.16227766e+06 2.74382402e+07 2.75340033e+07
3.54813389e+06 2.59084262e+07 2.59937899e+07
3.98107171e+06 2.44636393e+07 2.45397325e+07
4.46683592e+06 2.30991829e+07 2.31670118e+07
5.01187234e+06 2.18106165e+07 2.18710784e+07
5.62341325e+06 2.05937423e+07 2.06476370e+07
6.30957344e+06 1.94445920e+07 1.94926327e+07
7.07945784e+06 1.83594150e+07 1.84022374e+07
7.94328235e+06 1.73346662e+07 1.73728371e+07
8.91250938e+06 1.63669953e+07 1.64010199e+07
1.00000000e+07 1.54532360e+07 1.54835647e+07
1.12201845e+07 1.45903963e+07 1.46174308e+07
1.25892541e+07 1.37756491e+07 1.37997472e+07
1.41253754e+07 1.30063231e+07 1.30278038e+07
1.58489319e+07 1.22798942e+07 1.22990420e+07
1.77827941e+07 1.15939778e+07 1.16110463e+07
1.99526231e+07 1.09463211e+07 1.09615363e+07
2.23872114e+07 1.03347958e+07 1.03483592e+07
2.51188643e+07 9.75739142e+06 9.76948256e+06
2.81838293e+07 9.21220871e+06 9.22298770e+06
3.16227766e+07 8.69745367e+06 8.70706322e+06
3.54813389e+07 8.21143175e+06 8.21999907e+06
3.98107171e+07 7.75254235e+06 7.76018083e+06
4.46683592e+07 7.31927370e+06 7.32608441e+06
5.01187234e+07 6.91019791e+06 6.91627097e+06
5.62341325e+07 6.52396642e+06 6.52938214e+06
6.30957344e+07 6.15930558e+06 6.16413557e+06
7.07945784e+07 5.81501252e+06 5.81932059e+06
7.94328235e+07 5.48995126e+06 5.49379431e+06
8.91250938e+07 5.18304898e+06 5.18647773e+06
1.00000000e+08 4.89329256e+06 4.89635223e+06
1.12201845e+08 4.61972526e+06 4.62245615e+06
1.25892541e+08 4.36144360e+06 4.36388166e+06
1.41253754e+08 4.11759441e+06 4.11977167e+06
1.58489319e+08 3.88737204e+06 3.88931707e+06
1.77827941e+08 3.67001573e+06 3.67175399e+06
1.99526231e+08 3.46480709e+06 3.46636130e+06
2.23872114e+08 3.27106780e+06 3.27245820e+06
2.51188643e+08 3.08815733e+06 3.08940198e+06
2.81838293e+08 2.91547090e+06 2.91658589e+06
3.16227766e+08 2.75243741e+06 2.75343711e+06
3.54813389e+08 2.59851766e+06 2.59941487e+06
3.98107171e+08 2.45320250e+06 2.45400864e+06
4.46683592e+08 2.31601121e+06 2.31673647e+06
5.00000000e+08 2.18908353e+06 2.18973839e+06
5.01187234e+08 2.18648988e+06 2.18714335e+06
5.62341325e+08 2.06420996e+06 2.06479973e+06
5.99500000e+08 1.99922953e+06 1.99978708e+06
6.30957344e+08 1.94876680e+06 1.94930010e+06
6.99000000e+08 1.85151105e+06 1.85199955e+06
7.07945784e+08 1.83977834e+06 1.84026160e+06
7.94328235e+08 1.73688387e+06 1.73732284e+06
7.98500000e+08 1.73234168e+06 1.73277876e+06
8.91250938e+08 1.63974282e+06 1.64014261e+06
8.98000000e+08 1.63357050e+06 1.63396789e+06
9.97500000e+08 1.54997195e+06 1.55033782e+06
1.00000000e+09 1.54803362e+06 1.54839878e+06
1.09700000e+09 1.47802103e+06 1.47836130e+06
1.12201845e+09 1.46145270e+06 1.46178728e+06
1.19650000e+09 1.41524211e+06 1.41556121e+06
1.25892541e+09 1.37971341e+06 1.38002101e+06
1.29600000e+09 1.35983867e+06 1.36013999e+06
1.39550000e+09 1.31047114e+06 1.31075733e+06
1.41253754e+09 1.30254514e+06 1.30282896e+06
1.49500000e+09 1.26611757e+06 1.26639073e+06
1.58489319e+09 1.22969240e+06 1.22995526e+06
1.59450000e+09 1.22598292e+06 1.22624475e+06
1.69400000e+09 1.18943813e+06 1.18969003e+06
1.77827941e+09 1.16091398e+06 1.16115837e+06
1.79350000e+09 1.15597811e+06 1.15622122e+06
1.89300000e+09 1.12519194e+06 1.12542724e+06
1.99250000e+09 1.09674148e+06 1.09696978e+06
1.99526231e+09 1.09598214e+06 1.09621025e+06
2.09200000e+09 1.07034560e+06 1.07056759e+06
2.19150000e+09 1.04576833e+06 1.04598461e+06
2.23872114e+09 1.03468188e+06 1.03489563e+06
2.29100000e+09 1.02281001e+06 1.02302109e+06
2.39050000e+09 1.00130037e+06 1.00150669e+06
2.49000000e+09 9.81093205e+05 9.81295159e+05
2.51188643e+09 9.76810225e+05 9.77011266e+05
2.58950000e+09 9.62062157e+05 9.62260085e+05
2.68900000e+09 9.44097398e+05 9.44291601e+05
2.78850000e+09 9.27102941e+05 9.27293686e+05
2.81838293e+09 9.22175549e+05 9.22365302e+05
2.88800000e+09 9.10994477e+05 9.11181998e+05
2.98750000e+09 8.95697606e+05 8.95882116e+05
3.08700000e+09 8.81146394e+05 8.81328080e+05
3.16227766e+09 8.70596943e+05 8.70776606e+05
3.18650000e+09 8.67282169e+05 8.67461200e+05
3.28600000e+09 8.54052525e+05 8.54229053e+05
3.38550000e+09 8.41410489e+05 8.41584652e+05
3.48500000e+09 8.29313813e+05 8.29485735e+05
3.54813389e+09 8.21903624e+05 8.22074182e+05
3.58450000e+09 8.17724387e+05 8.17894180e+05
3.68400000e+09 8.06607725e+05 8.06775492e+05
3.78350000e+09 7.95932538e+05 7.96098371e+05
3.88300000e+09 7.85670361e+05 7.85834346e+05
3.98107171e+09 7.75934364e+05 7.76096603e+05
3.98250000e+09 7.75795234e+05 7.75957448e+05
4.08200000e+09 7.66283426e+05 7.66443940e+05
4.18150000e+09 7.57113193e+05 7.57272073e+05
4.28100000e+09 7.48264573e+05 7.48421878e+05
4.38050000e+09 7.39719197e+05 7.39874981e+05
4.46683592e+09 7.32536963e+05 7.32691470e+05
4.48000000e+09 7.31460133e+05 7.31614448e+05
4.57950000e+09 7.23471745e+05 7.23624638e+05
4.67900000e+09 7.15739566e+05 7.15891079e+05
4.77850000e+09 7.08250189e+05 7.08400361e+05
4.87800000e+09 7.00991168e+05 7.01140036e+05
4.97750000e+09 6.93950934e+05 6.94098532e+05
5.01187234e+09 6.91567745e+05 6.91714913e+05
5.07700000e+09 6.87118714e+05 6.87265075e+05
5.17650000e+09 6.80484465e+05 6.80629616e+05
5.27600000e+09 6.74038808e+05 6.74182778e+05
5.37550000e+09 6.67772976e+05 6.67915789e+05
5.47500000e+09 6.61678762e+05 6.61820441e+05
5.57450000e+09 6.55748473e+05 6.55889040e+05
5.62341325e+09 6.52891084e+05 6.53031111e+05
5.67400000e+09 6.49974892e+05 6.50114366e+05
5.77350000e+09 6.44351237e+05 6.44489638e+05
5.87300000e+09 6.38871131e+05 6.39008476e+05
5.97250000e+09 6.33528571e+05 6.33664877e+05
6.07200000e+09 6.28317899e+05 6.28453180e+05
6.17150000e+09 6.23233778e+05 6.23368048e+05
6.27100000e+09 6.18271168e+05 6.18404440e+05
6.30957344e+09 6.16378955e+05 6.16511843e+05
6.37050000e+09 6.13425306e+05 6.13557592e+05
6.47000000e+09 6.08691685e+05 6.08822997e+05
6.56950000e+09 6.04066041e+05 6.04196389e+05
6.66900000e+09 5.99544330e+05 5.99673724e+05
6.76850000e+09 5.95122720e+05 5.95251169e+05
6.86800000e+09 5.90797571e+05 5.90925083e+05
6.96750000e+09 5.86565427e+05 5.86692010e+05
7.06700000e+09 5.82423003e+05 5.82548665e+05
7.07945784e+09 5.81910515e+05 5.82036063e+05
7.16650000e+09 5.78367175e+05 5.78491922e+05
7.26600000e+09 5.74394967e+05 5.74518806e+05
7.36550000e+09 5.70503547e+05 5.70626483e+05
7.46500000e+09 5.66690212e+05 5.66812251e+05
7.56450000e+09 5.62952388e+05 5.63073535e+05
7.66400000e+09 5.59287615e+05 5.59407875e+05
7.76350000e+09 5.55693545e+05 5.55812922e+05
7.86300000e+09 5.52167935e+05 5.52286432e+05
7.94328235e+09 5.49371705e+05 5.49489496e+05
7.96250000e+09 5.48708639e+05 5.48826260e+05
8.06200000e+09 5.45313605e+05 5.45430354e+05
8.16150000e+09 5.41980868e+05 5.42096748e+05
8.26100000e+09 5.38708547e+05 5.38823561e+05
8.36050000e+09 5.35494839e+05 5.35608989e+05
8.46000000e+09 5.32338016e+05 5.32451304e+05
8.55950000e+09 5.29236420e+05 5.29348848e+05
8.65900000e+09 5.26188459e+05 5.26300030e+05
8.75850000e+09 5.23192607e+05 5.23303322e+05
8.85800000e+09 5.20247395e+05 5.20357256e+05
8.91250938e+09 5.18654871e+05 5.18764265e+05
8.95750000e+09 5.17351414e+05 5.17460422e+05
9.05700000e+09 5.14503308e+05 5.14611464e+05
9.15650000e+09 5.11701772e+05 5.11809078e+05
9.25600000e+09 5.08945553e+05 5.09052008e+05
9.35550000e+09 5.06233442e+05 5.06339047e+05
9.45500000e+09 5.03564275e+05 5.03669032e+05
9.55450000e+09 5.00936931e+05 5.01040840e+05
9.65400000e+09 4.98350331e+05 4.98453392e+05
9.75350000e+09 4.95803432e+05 4.95905646e+05
9.85300000e+09 4.93295230e+05 4.93396596e+05
9.95250000e+09 4.90824755e+05 4.90925274e+05
1.00000000e+10 4.89658413e+05 4.89758527e+05
1.00520000e+10 4.88391071e+05 4.88490743e+05
1.01515000e+10 4.85993275e+05 4.86092099e+05
1.02510000e+10 4.83630493e+05 4.83728470e+05
1.03505000e+10 4.81301882e+05 4.81399011e+05
1.04500000e+10 4.79006628e+05 4.79102908e+05
1.05495000e+10 4.76743941e+05 4.76839372e+05
1.06490000e+10 4.74513059e+05 4.74607641e+05
1.07485000e+10 4.72313244e+05 4.72406976e+05
1.08480000e+10 4.70143783e+05 4.70236664e+05
1.09475000e+10 4.68003983e+05 4.68096014e+05
1.10470000e+10 4.65893177e+05 4.65984355e+05
1.11465000e+10 4.63810714e+05 4.63901040e+05
1.12201845e+10 4.62286448e+05 4.62376141e+05
1.12460000e+10 4.61755968e+05 4.61845441e+05
1.13455000e+10 4.59728329e+05 4.59816947e+05
1.14450000e+10 4.57727206e+05 4.57814969e+05
1.15445000e+10 4.55752028e+05 4.55838934e+05
1.16440000e+10 4.53802238e+05 4.53888287e+05
1.17435000e+10 4.51877298e+05 4.51962488e+05
1.18430000e+10 4.49976685e+05 4.50061016e+05
1.19425000e+10 4.48099890e+05 4.48183361e+05
1.20420000e+10 4.46246422e+05 4.46329031e+05
1.21415000e+10 4.44415801e+05 4.44497547e+05
1.22410000e+10 4.42607562e+05 4.42688444e+05
1.23405000e+10 4.40821253e+05 4.40901269e+05
1.24400000e+10 4.39056434e+05 4.39135584e+05
1.25395000e+10 4.37312679e+05 4.37390961e+05
1.25892541e+10 4.36448499e+05 4.36526346e+05
1.26390000e+10 4.35589572e+05 4.35666985e+05
1.27385000e+10 4.33886710e+05 4.33963251e+05
1.28380000e+10 4.32203698e+05 4.32279368e+05
1.29375000e+10 4.30540155e+05 4.30614952e+05
1.30370000e+10 4.28895708e+05 4.28969631e+05
1.31365000e+10 4.27269996e+05 4.27343043e+05
1.32360000e+10 4.25662666e+05 4.25734835e+05
1.33355000e+10 4.24073374e+05 4.24144664e+05
1.34350000e+10 4.22501785e+05 4.22572195e+05
1.35345000e+10 4.20947574e+05 4.21017102e+05
1.36340000e+10 4.19410422e+05 4.19479067e+05
1.37335000e+10 4.17890022e+05 4.17957782e+05
1.38330000e+10 4.16386070e+05 4.16452944e+05
1.39325000e+10 4.14898272e+05 4.14964259e+05
1.40320000e+10 4.13426342e+05 4.13491440e+05
1.41253754e+10 4.12059198e+05 4.12123460e+05
1.41315000e+10 4.11970000e+05 4.12034207e+05
1.42310000e+10 4.10528973e+05 4.10592288e+05
1.43305000e+10 4.09102994e+05 4.09165416e+05
1.44300000e+10 4.07691805e+05 4.07753331e+05
1.45295000e+10 4.06295150e+05 4.06355780e+05
1.46290000e+10 4.04912784e+05 4.04972515e+05
1.47285000e+10 4.03544463e+05 4.03603295e+05
1.48280000e+10 4.02189952e+05 4.02247883e+05
1.49275000e+10 4.00849020e+05 4.00906049e+05
1.50270000e+10 3.99521443e+05 3.99577567e+05
1.51265000e+10 3.98207000e+05 3.98262219e+05
1.52260000e+10 3.96905477e+05 3.96959788e+05
1.53255000e+10 3.95616663e+05 3.95670065e+05
1.54250000e+10 3.94340353e+05 3.94392845e+05
1.55245000e+10 3.93076347e+05 3.93127927e+05
1.56240000e+10 3.91824448e+05 3.91875114e+05
1.57235000e+10 3.90584465e+05 3.90634215e+05
1.58230000e+10 3.89356209e+05 3.89405043e+05
1.58489319e+10 3.89038002e+05 3.89086597e+05
1.59225000e+10 3.88139498e+05 3.88187414e+05
1.60220000e+10 3.86934151e+05 3.86981147e+05
1.61215000e+10 3.85739994e+05 3.85786069e+05
1.62210000e+10 3.84556854e+05 3.84602006e+05
1.63205000e+10 3.83384564e+05 3.83428791e+05
1.64200000e+10 3.82222958e+05 3.82266260e+05
1.65195000e+10 3.81071876e+05 3.81114250e+05
1.66190000e+10 3.79931160e+05 3.79972604e+05
1.67185000e+10 3.78800654e+05 3.78841169e+05
1.68180000e+10 3.77680209e+05 3.77719791e+05
1.69175000e+10 3.76569677e+05 3.76608325e+05
1.70170000e+10 3.75468910e+05 3.75506623e+05
1.71165000e+10 3.74377769e+05 3.74414545e+05
1.72160000e+10 3.73296113e+05 3.73331951e+05
1.73155000e+10 3.72223806e+05 3.72258704e+05
1.74150000e+10 3.71160715e+05 3.71194671e+05
1.75145000e+10 3.70106708e+05 3.70139721e+05
1.76140000e+10 3.69061657e+05 3.69093725e+05
1.77135000e+10 3.68025435e+05 3.68056558e+05
1.77827941e+10 3.67308937e+05 3.67339400e+05
1.78130000e+10 3.66997920e+05 3.67028095e+05
1.79125000e+10 3.65978990e+05 3.66008217e+05
1.80120000e+10 3.64968527e+05 3.64996803e+05
1.81115000e+10 3.63966414e+05 3.63993738e+05
1.82110000e+10 3.62972537e+05 3.62998908e+05
1.83105000e+10 3.61986784e+05 3.62012200e+05
1.84100000e+10 3.61009046e+05 3.61033504e+05
1.85095000e+10 3.60039213e+05 3.60062714e+05
1.86090000e+10 3.59077181e+05 3.59099722e+05
1.87085000e+10 3.58122845e+05 3.58144425e+05
1.88080000e+10 3.57176104e+05 3.57196722e+05
1.89075000e+10 3.56236857e+05 3.56256511e+05
1.90070000e+10 3.55305007e+05 3.55323696e+05
1.91065000e+10 3.54380457e+05 3.54398179e+05
1.92060000e+10 3.53463112e+05 3.53479866e+05
1.93055000e+10 3.52552880e+05 3.52568664e+05
1.94050000e+10 3.51649669e+05 3.51664481e+05
1.95045000e+10 3.50753389e+05 3.50767228e+05
1.96040000e+10 3.49863952e+05 3.49876818e+05
1.97035000e+10 3.48981273e+05 3.48993163e+05
1.98030000e+10 3.48105265e+05 3.48116178e+05
1.99025000e+10 3.47235846e+05 3.47245780e+05
1.99526231e+10 3.46800345e+05 3.46809786e+05
2.00020000e+10 3.46372933e+05 3.46381887e+05
2.01015000e+10 3.45516446e+05 3.45524419e+05
2.02010000e+10 3.44666305e+05 3.44673296e+05
2.03005000e+10 3.43822433e+05 3.43828440e+05
2.04000000e+10 3.42984754e+05 3.42989775e+05
2.04995000e+10 3.42153191e+05 3.42157225e+05
2.05990000e+10 3.41327671e+05 3.41330717e+05
2.06985000e+10 3.40508122e+05 3.40510178e+05
2.07980000e+10 3.39694471e+05 3.39695537e+05
2.08975000e+10 3.38886649e+05 3.38886723e+05
2.09970000e+10 3.38084587e+05 3.38083666e+05
2.10965000e+10 3.37288216e+05 3.37286300e+05
2.11960000e+10 3.36497469e+05 3.36494557e+05
2.12955000e+10 3.35712281e+05 3.35708371e+05
2.13950000e+10 3.34932588e+05 3.34927678e+05
2.14945000e+10 3.34158325e+05 3.34152414e+05
2.15940000e+10 3.33389429e+05 3.33382517e+05
2.16935000e+10 3.32625840e+05 3.32617925e+05
2.17930000e+10 3.31867496e+05 3.31858576e+05
2.18925000e+10 3.31114339e+05 3.31104413e+05
2.19920000e+10 3.30366308e+05 3.30355375e+05
2.20915000e+10 3.29623347e+05 3.29611405e+05
2.21910000e+10 3.28885398e+05 3.28872447e+05
2.22905000e+10 3.28152406e+05 3.28138443e+05
2.23872114e+10 3.27444655e+05 3.27429708e+05
2.23900000e+10 3.27424316e+05 3.27409340e+05
2.24895000e+10 3.26701072e+05 3.26685083e+05
2.25890000e+10 3.25982622e+05 3.25965618e+05
2.26885000e+10 3.25268913e+05 3.25250893e+05
2.27880000e+10 3.24559894e+05 3.24540855e+05
2.28875000e+10 3.23855513e+05 3.23835455e+05
2.29870000e+10 3.23155720e+05 3.23134642e+05
2.30865000e+10 3.22460465e+05 3.22438366e+05
2.31860000e+10 3.21769700e+05 3.21746578e+05
2.32855000e+10 3.21083377e+05 3.21059231e+05
2.33850000e+10 3.20401449e+05 3.20376277e+05
2.34845000e+10 3.19723868e+05 3.19697670e+05
2.35840000e+10 3.19050590e+05 3.19023364e+05
2.36835000e+10 3.18381568e+05 3.18353313e+05
2.37830000e+10 3.17716758e+05 3.17687473e+05
2.38825000e+10 3.17056117e+05 3.17025800e+05
2.39820000e+10 3.16399601e+05 3.16368251e+05
2.40815000e+10 3.15747167e+05 3.15714784e+05
2.41810000e+10 3.15098774e+05 3.15065355e+05
2.42805000e+10 3.14454379e+05 3.14419924e+05
2.43800000e+10 3.13813943e+05 3.13778450e+05
2.44795000e+10 3.13177424e+05 3.13140892e+05
2.45790000e+10 3.12544783e+05 3.12507212e+05
2.46785000e+10 3.11915982e+05 3.11877369e+05
2.47780000e+10 3.11290981e+05 3.11251326e+05
2.48775000e+10 3.10669742e+05 3.10629043e+05
2.49770000e+10 3.10052229e+05 3.10010485e+05
2.50765000e+10 3.09438403e+05 3.09395613e+05
2.51188643e+10 3.09178163e+05 3.09134928e+05
2.51760000e+10 3.08828228e+05 3.08784392e+05
2.52755000e+10 3.08221669e+05 3.08176784e+05
2.53750000e+10 3.07618690e+05 3.07572756e+05
2.54745000e+10 3.07019257e+05 3.06972271e+05
2.55740000e+10 3.06423333e+05 3.06375296e+05
2.56735000e+10 3.05830886e+05 3.05781796e+05
2.57730000e+10 3.05241882e+05 3.05191738e+05
2.58725000e+10 3.04656288e+05 3.04605089e+05
2.59720000e+10 3.04074071e+05 3.04021815e+05
2.60715000e+10 3.03495198e+05 3.03441885e+05
2.61710000e+10 3.02919639e+05 3.02865267e+05
2.62705000e+10 3.02347361e+05 3.02291930e+05
2.63700000e+10 3.01778334e+05 3.01721842e+05
2.64695000e+10 3.01212527e+05 3.01154973e+05
2.65690000e+10 3.00649910e+05 3.00591292e+05
2.66685000e+10 3.00090452e+05 3.00030771e+05
2.67680000e+10 2.99534126e+05 2.99473379e+05
2.68675000e+10 2.98980901e+05 2.98919088e+05
2.69670000e+10 2.98430750e+05 2.98367869e+05
2.70665000e+10 2.97883643e+05 2.97819693e+05
2.71660000e+10 2.97339553e+05 2.97274534e+05
2.72655000e+10 2.96798452e+05 2.96732362e+05
2.73650000e+10 2.96260314e+05 2.96193152e+05
2.74645000e+10 2.95725110e+05 2.95656876e+05
2.75640000e+10 2.95192816e+05 2.95123508e+05
2.76635000e+10 2.94663404e+05 2.94593021e+05
2.77630000e+10 2.94136849e+05 2.94065390e+05
2.78625000e+10 2.93613126e+05 2.93540589e+05
2.79620000e+10 2.93092208e+05 2.93018593e+05
2.80615000e+10 2.92574071e+05 2.92499377e+05
2.81610000e+10 2.92058691e+05 2.91982917e+05
2.81838293e+10 2.91940829e+05 2.91864806e+05
2.82605000e+10 2.91546044e+05 2.91469188e+05
2.83600000e+10 2.91036104e+05 2.90958166e+05
2.84595000e+10 2.90528850e+05 2.90449828e+05
2.85590000e+10 2.90024256e+05 2.89944150e+05
2.86585000e+10 2.89522301e+05 2.89441109e+05
2.87580000e+10 2.89022960e+05 2.88940682e+05
2.88575000e+10 2.88526213e+05 2.88442847e+05
2.89570000e+10 2.88032036e+05 2.87947582e+05
2.90565000e+10 2.87540407e+05 2.87454863e+05
2.91560000e+10 2.87051305e+05 2.86964671e+05
2.92555000e+10 2.86564708e+05 2.86476982e+05
2.93550000e+10 2.86080595e+05 2.85991776e+05
2.94545000e+10 2.85598945e+05 2.85509033e+05
2.95540000e+10 2.85119737e+05 2.85028730e+05
2.96535000e+10 2.84642950e+05 2.84550848e+05
2.97530000e+10 2.84168565e+05 2.84075367e+05
2.98525000e+10 2.83696562e+05 2.83602266e+05
2.99520000e+10 2.83226920e+05 2.83131525e+05
3.00515000e+10 2.82759620e+05 2.82663126e+05
3.01510000e+10 2.82294642e+05 2.82197048e+05
3.02505000e+10 2.81831969e+05 2.81733273e+05
3.03500000e+10 2.81371580e+05 2.81271781e+05
3.04495000e+10 2.80913456e+05 2.80812555e+05
3.05490000e+10 2.80457581e+05 2.80355575e+05
3.06485000e+10 2.80003935e+05 2.79900823e+05
3.07480000e+10 2.79552499e+05 2.79448282e+05
3.08475000e+10 2.79103258e+05 2.78997933e+05
3.09470000e+10 2.78656192e+05 2.78549759e+05
3.10465000e+10 2.78211284e+05 2.78103742e+05
3.11460000e+10 2.77768518e+05 2.77659866e+05
3.12455000e+10 2.77327875e+05 2.77218112e+05
3.13450000e+10 2.76889340e+05 2.76778465e+05
3.14445000e+10 2.76452894e+05 2.76340907e+05
3.15440000e+10 2.76018523e+05 2.75905422e+05
3.16227766e+10 2.75676081e+05 2.75562098e+05
3.16435000e+10 2.75586210e+05 2.75471994e+05
3.17430000e+10 2.75155938e+05 2.75040607e+05
3.18425000e+10 2.74727692e+05 2.74611244e+05
3.19420000e+10 2.74301455e+05 2.74183890e+05
3.20415000e+10 2.73877213e+05 2.73758529e+05
3.21410000e+10 2.73454949e+05 2.73335146e+05
3.22405000e+10 2.73034649e+05 2.72913726e+05
3.23400000e+10 2.72616296e+05 2.72494253e+05
3.24395000e+10 2.72199878e+05 2.72076712e+05
3.25390000e+10 2.71785378e+05 2.71661090e+05
3.26385000e+10 2.71372782e+05 2.71247370e+05
3.27380000e+10 2.70962075e+05 2.70835539e+05
3.28375000e+10 2.70553243e+05 2.70425582e+05
3.29370000e+10 2.70146273e+05 2.70017485e+05
3.30365000e+10 2.69741149e+05 2.69611234e+05
3.31360000e+10 2.69337859e+05 2.69206816e+05
3.32355000e+10 2.68936388e+05 2.68804216e+05
3.33350000e+10 2.68536722e+05 2.68403421e+05
3.34345000e+10 2.68138849e+05 2.68004417e+05
3.35340000e+10 2.67742755e+05 2.67607191e+05
3.36335000e+10 2.67348427e+05 2.67211731e+05
3.37330000e+10 2.66955852e+05 2.66818022e+05
3.38325000e+10 2.66565017e+05 2.66426053e+05
3.39320000e+10 2.66175909e+05 2.66035810e+05
3.40315000e+10 2.65788515e+05 2.65647281e+05
3.41310000e+10 2.65402823e+05 2.65260452e+05
3.42305000e+10 2.65018821e+05 2.64875313e+05
3.43300000e+10 2.64636497e+05 2.64491850e+05
3.44295000e+10 2.64255838e+05 2.64110052e+05
3.45290000e+10 2.63876832e+05 2.63729906e+05
3.46285000e+10 2.63499467e+05 2.63351400e+05
3.47280000e+10 2.63123732e+05 2.62974524e+05
3.48275000e+10 2.62749615e+05 2.62599265e+05
3.49270000e+10 2.62377105e+05 2.62225611e+05
3.50265000e+10 2.62006189e+05 2.61853551e+05
3.51260000e+10 2.61636858e+05 2.61483075e+05
3.52255000e+10 2.61269099e+05 2.61114170e+05
3.53250000e+10 2.60902901e+05 2.60746826e+05
3.54245000e+10 2.60538254e+05 2.60381031e+05
3.54813389e+10 2.60330642e+05 2.60172764e+05
3.55240000e+10 2.60175146e+05 2.60016776e+05
3.56235000e+10 2.59813568e+05 2.59654048e+05
3.57230000e+10 2.59453507e+05 2.59292838e+05
3.58225000e+10 2.59094955e+05 2.58933135e+05
3.59220000e+10 2.58737899e+05 2.58574928e+05
3.60215000e+10 2.58382331e+05 2.58218207e+05
3.61210000e+10 2.58028239e+05 2.57862962e+05
3.62205000e+10 2.57675613e+05 2.57509183e+05
3.63200000e+10 2.57324444e+05 2.57156860e+05
3.64195000e+10 2.56974722e+05 2.56805982e+05
3.65190000e+10 2.56626436e+05 2.56456540e+05
3.66185000e+10 2.56279577e+05 2.56108524e+05
3.67180000e+10 2.55934135e+05 2.55761925e+05
3.68175000e+10 2.55590101e+05 2.55416732e+05
3.69170000e+10 2.55247465e+05 2.55072937e+05
3.70165000e+10 2.54906218e+05 2.54730530e+05
3.71160000e+10 2.54566350e+05 2.54389502e+05
3.72155000e+10 2.54227852e+05 2.54049842e+05
3.73150000e+10 2.53890716e+05 2.53711544e+05
3.74145000e+10 2.53554931e+05 2.53374596e+05
3.75140000e+10 2.53220490e+05 2.53038991e+05
3.76135000e+10 2.52887382e+05 2.52704719e+05
3.77130000e+10 2.52555600e+05 2.52371772e+05
3.78125000e+10 2.52225135e+05 2.52040140e+05
3.79120000e+10 2.51895978e+05 2.51709816e+05
3.80115000e+10 2.51568120e+05 2.51380791e+05
3.81110000e+10 2.51241553e+05 2.51053056e+05
3.82105000e+10 2.50916268e+05 2.50726602e+05
3.83100000e+10 2.50592258e+05 2.50401422e+05
3.84095000e+10 2.50269513e+05 2.50077507e+05
3.85090000e+10 2.49948027e+05 2.49754849e+05
3.86085000e+10 2.49627790e+05 2.49433440e+05
3.87080000e+10 2.49308794e+05 2.49113272e+05
3.88075000e+10 2.48991032e+05 2.48794337e+05
3.89070000e+10 2.48674496e+05 2.48476627e+05
3.90065000e+10 2.48359178e+05 2.48160134e+05
3.91060000e+10 2.48045070e+05 2.47844851e+05
3.92055000e+10 2.47732165e+05 2.47530769e+05
3.93050000e+10 2.47420455e+05 2.47217882e+05
3.94045000e+10 2.47109932e+05 2.46906181e+05
3.95040000e+10 2.46800588e+05 2.46595660e+05
3.96035000e+10 2.46492417e+05 2.46286310e+05
3.97030000e+10 2.46185412e+05 2.45978124e+05
3.98025000e+10 2.45879564e+05 2.45671096e+05
3.98107171e+10 2.45854357e+05 2.45645792e+05
3.99020000e+10 2.45574867e+05 2.45365217e+05
4.00015000e+10 2.45271313e+05 2.45060482e+05
4.01010000e+10 2.44968895e+05 2.44756882e+05
4.02005000e+10 2.44667607e+05 2.44454410e+05
4.03000000e+10 2.44367441e+05 2.44153060e+05
4.03995000e+10 2.44068391e+05 2.43852825e+05
4.04990000e+10 2.43770449e+05 2.43553698e+05
4.05985000e+10 2.43473609e+05 2.43255672e+05
4.06980000e+10 2.43177864e+05 2.42958740e+05
4.07975000e+10 2.42883207e+05 2.42662896e+05
4.08970000e+10 2.42589632e+05 2.42368133e+05
4.09965000e+10 2.42297132e+05 2.42074444e+05
4.10960000e+10 2.42005701e+05 2.41781823e+05
4.11955000e+10 2.41715332e+05 2.41490264e+05
4.12950000e+10 2.41426019e+05 2.41199760e+05
4.13945000e+10 2.41137755e+05 2.40910305e+05
4.14940000e+10 2.40850534e+05 2.40621893e+05
4.15935000e+10 2.40564351e+05 2.40334516e+05
4.16930000e+10 2.40279198e+05 2.40048170e+05
4.17925000e+10 2.39995070e+05 2.39762847e+05
4.18920000e+10 2.39711960e+05 2.39478543e+05
4.19915000e+10 2.39429862e+05 2.39195250e+05
4.20910000e+10 2.39148772e+05 2.38912963e+05
4.21905000e+10 2.38868681e+05 2.38631676e+05
4.22900000e+10 2.38589586e+05 2.38351383e+05
4.23895000e+10 2.38311479e+05 2.38072078e+05
4.24890000e+10 2.38034355e+05 2.37793755e+05
4.25885000e+10 2.37758208e+05 2.37516409e+05
4.26880000e+10 2.37483033e+05 2.37240034e+05
4.27875000e+10 2.37208824e+05 2.36964625e+05
4.28870000e+10 2.36935576e+05 2.36690175e+05
4.29865000e+10 2.36663282e+05 2.36416679e+05
4.30860000e+10 2.36391937e+05 2.36144131e+05
4.31855000e+10 2.36121536e+05 2.35872527e+05
4.32850000e+10 2.35852074e+05 2.35601861e+05
4.33845000e+10 2.35583544e+05 2.35332127e+05
4.34840000e+10 2.35315942e+05 2.35063320e+05
4.35835000e+10 2.35049263e+05 2.34795434e+05
4.36830000e+10 2.34783500e+05 2.34528466e+05
4.37825000e+10 2.34518650e+05 2.34262408e+05
4.38820000e+10 2.34254706e+05 2.33997256e+05
4.39815000e+10 2.33991664e+05 2.33733006e+05
4.40810000e+10 2.33729518e+05 2.33469651e+05
4.41805000e+10 2.33468263e+05 2.33207187e+05
4.42800000e+10 2.33207895e+05 2.32945609e+05
4.43795000e+10 2.32948409e+05 2.32684912e+05
4.44790000e+10 2.32689799e+05 2.32425091e+05
4.45785000e+10 2.32432061e+05 2.32166140e+05
4.46683592e+10 2.32200040e+05 2.31933025e+05
4.46780000e+10 2.32175189e+05 2.31908056e+05
4.47775000e+10 2.31919179e+05 2.31650833e+05
4.48770000e+10 2.31664027e+05 2.31394467e+05
4.49765000e+10 2.31409727e+05 2.31138953e+05
4.50760000e+10 2.31156275e+05 2.30884285e+05
4.51755000e+10 2.30903666e+05 2.30630460e+05
4.52750000e+10 2.30651895e+05 2.30377474e+05
4.53745000e+10 2.30400958e+05 2.30125320e+05
4.54740000e+10 2.30150850e+05 2.29873995e+05
4.55735000e+10 2.29901567e+05 2.29623494e+05
4.56730000e+10 2.29653105e+05 2.29373812e+05
4.57725000e+10 2.29405458e+05 2.29124946e+05
4.58720000e+10 2.29158622e+05 2.28876891e+05
4.59715000e+10 2.28912594e+05 2.28629642e+05
4.60710000e+10 2.28667368e+05 2.28383195e+05
4.61705000e+10 2.28422940e+05 2.28137546e+05
4.62700000e+10 2.28179307e+05 2.27892690e+05
4.63695000e+10 2.27936463e+05 2.27648623e+05
4.64690000e+10 2.27694404e+05 2.27405342e+05
4.65685000e+10 2.27453127e+05 2.27162841e+05
4.66680000e+10 2.27212627e+05 2.26921116e+05
4.67675000e+10 2.26972901e+05 2.26680164e+05
4.68670000e+10 2.26733943e+05 2.26439980e+05
4.69665000e+10 2.26495749e+05 2.26200561e+05
4.70660000e+10 2.26258317e+05 2.25961902e+05
4.71655000e+10 2.26021641e+05 2.25723999e+05
4.72650000e+10 2.25785718e+05 2.25486848e+05
4.73645000e+10 2.25550544e+05 2.25250445e+05
4.74640000e+10 2.25316115e+05 2.25014787e+05
4.75635000e+10 2.25082427e+05 2.24779869e+05
4.76630000e+10 2.24849476e+05 2.24545688e+05
4.77625000e+10 2.24617259e+05 2.24312240e+05
4.78620000e+10 2.24385770e+05 2.24079520e+05
4.79615000e+10 2.24155008e+05 2.23847526e+05
4.80610000e+10 2.23924968e+05 2.23616253e+05
4.81605000e+10 2.23695645e+05 2.23385697e+05
4.82600000e+10 2.23467037e+05 2.23155856e+05
4.83595000e+10 2.23239141e+05 2.22926725e+05
4.84590000e+10 2.23011951e+05 2.22698301e+05
4.85585000e+10 2.22785465e+05 2.22470579e+05
4.86580000e+10 2.22559678e+05 2.22243557e+05
4.87575000e+10 2.22334589e+05 2.22017231e+05
4.88570000e+10 2.22110192e+05 2.21791597e+05
4.89565000e+10 2.21886484e+05 2.21566652e+05
4.90560000e+10 2.21663462e+05 2.21342392e+05
4.91555000e+10 2.21441123e+05 2.21118814e+05
4.92550000e+10 2.21219462e+05 2.20895914e+05
4.93545000e+10 2.20998477e+05 2.20673690e+05
4.94540000e+10 2.20778164e+05 2.20452137e+05
4.95535000e+10 2.20558520e+05 2.20231252e+05
4.96530000e+10 2.20339541e+05 2.20011031e+05
4.97525000e+10 2.20121224e+05 2.19791473e+05
4.98520000e+10 2.19903566e+05 2.19572572e+05
4.99515000e+10 2.19686564e+05 2.19354327e+05
5.00510000e+10 2.19470213e+05 2.19136733e+05
5.01187234e+10 2.19323328e+05 2.18989002e+05
5.01505000e+10 2.19254512e+05 2.18919787e+05
5.02500000e+10 2.19039456e+05 2.18703487e+05
5.03495000e+10 2.18825043e+05 2.18487829e+05
5.04490000e+10 2.18611269e+05 2.18272810e+05
5.05485000e+10 2.18398131e+05 2.18058426e+05
5.06480000e+10 2.18185627e+05 2.17844675e+05
5.07475000e+10 2.17973752e+05 2.17631553e+05
5.08470000e+10 2.17762505e+05 2.17419058e+05
5.09465000e+10 2.17551881e+05 2.17207186e+05
5.10460000e+10 2.17341878e+05 2.16995935e+05
5.11455000e+10 2.17132493e+05 2.16785301e+05
5.12450000e+10 2.16923723e+05 2.16575281e+05
5.13445000e+10 2.16715565e+05 2.16365872e+05
5.14440000e+10 2.16508015e+05 2.16157072e+05
5.15435000e+10 2.16301072e+05 2.15948877e+05
5.16430000e+10 2.16094731e+05 2.15741284e+05
5.17425000e+10 2.15888990e+05 2.15534292e+05
5.18420000e+10 2.15683847e+05 2.15327895e+05
5.19415000e+10 2.15479298e+05 2.15122093e+05
5.20410000e+10 2.15275341e+05 2.14916882e+05
5.21405000e+10 2.15071972e+05 2.14712259e+05
5.22400000e+10 2.14869189e+05 2.14508221e+05
5.23395000e+10 2.14666990e+05 2.14304766e+05
5.24390000e+10 2.14465370e+05 2.14101891e+05
5.25385000e+10 2.14264329e+05 2.13899593e+05
5.26380000e+10 2.14063862e+05 2.13697869e+05
5.27375000e+10 2.13863967e+05 2.13496717e+05
5.28370000e+10 2.13664642e+05 2.13296134e+05
5.29365000e+10 2.13465883e+05 2.13096117e+05
5.30360000e+10 2.13267689e+05 2.12896664e+05
5.31355000e+10 2.13070056e+05 2.12697772e+05
5.32350000e+10 2.12872982e+05 2.12499438e+05
5.33345000e+10 2.12676464e+05 2.12301660e+05
5.34340000e+10 2.12480500e+05 2.12104435e+05
5.35335000e+10 2.12285087e+05 2.11907760e+05
5.36330000e+10 2.12090223e+05 2.11711634e+05
5.37325000e+10 2.11895904e+05 2.11516053e+05
5.38320000e+10 2.11702129e+05 2.11321015e+05
5.39315000e+10 2.11508895e+05 2.11126518e+05
5.40310000e+10 2.11316199e+05 2.10932559e+05
5.41305000e+10 2.11124040e+05 2.10739135e+05
5.42300000e+10 2.10932414e+05 2.10546244e+05
5.43295000e+10 2.10741319e+05 2.10353884e+05
5.44290000e+10 2.10550753e+05 2.10162052e+05
5.45285000e+10 2.10360713e+05 2.09970746e+05
5.46280000e+10 2.10171196e+05 2.09779963e+05
5.47275000e+10 2.09982202e+05 2.09589701e+05
5.48270000e+10 2.09793726e+05 2.09399958e+05
5.49265000e+10 2.09605767e+05 2.09210731e+05
5.50260000e+10 2.09418323e+05 2.09022018e+05
5.51255000e+10 2.09231390e+05 2.08833816e+05
5.52250000e+10 2.09044968e+05 2.08646124e+05
5.53245000e+10 2.08859053e+05 2.08458939e+05
5.54240000e+10 2.08673643e+05 2.08272259e+05
5.55235000e+10 2.08488736e+05 2.08086081e+05
5.56230000e+10 2.08304330e+05 2.07900404e+05
5.57225000e+10 2.08120422e+05 2.07715224e+05
5.58220000e+10 2.07937011e+05 2.07530540e+05
5.59215000e+10 2.07754094e+05 2.07346350e+05
5.60210000e+10 2.07571668e+05 2.07162651e+05
5.61205000e+10 2.07389732e+05 2.06979442e+05
5.62200000e+10 2.07208284e+05 2.06796719e+05
5.62341325e+10 2.07182551e+05 2.06770806e+05
5.63195000e+10 2.07027321e+05 2.06614482e+05
5.64190000e+10 2.06846841e+05 2.06432727e+05
5.65185000e+10 2.06666842e+05 2.06251452e+05
5.66180000e+10 2.06487323e+05 2.06070656e+05
5.67175000e+10 2.06308280e+05 2.05890337e+05
5.68170000e+10 2.06129712e+05 2.05710492e+05
5.69165000e+10 2.05951616e+05 2.05531119e+05
5.70160000e+10 2.05773991e+05 2.05352216e+05
5.71155000e+10 2.05596835e+05 2.05173782e+05
5.72150000e+10 2.05420146e+05 2.04995814e+05
5.73145000e+10 2.05243921e+05 2.04818309e+05
5.74140000e+10 2.05068158e+05 2.04641267e+05
5.75135000e+10 2.04892856e+05 2.04464685e+05
5.76130000e+10 2.04718012e+05 2.04288560e+05
5.77125000e+10 2.04543625e+05 2.04112892e+05
5.78120000e+10 2.04369693e+05 2.03937679e+05
5.79115000e+10 2.04196213e+05 2.03762917e+05
5.80110000e+10 2.04023184e+05 2.03588605e+05
5.81105000e+10 2.03850604e+05 2.03414742e+05
5.82100000e+10 2.03678470e+05 2.03241325e+05
5.83095000e+10 2.03506782e+05 2.03068353e+05
5.84090000e+10 2.03335536e+05 2.02895823e+05
5.85085000e+10 2.03164732e+05 2.02723734e+05
5.86080000e+10 2.02994367e+05 2.02552084e+05
5.87075000e+10 2.02824439e+05 2.02380871e+05
5.88070000e+10 2.02654947e+05 2.02210093e+05
5.89065000e+10 2.02485888e+05 2.02039748e+05
5.90060000e+10 2.02317262e+05 2.01869835e+05
5.91055000e+10 2.02149066e+05 2.01700351e+05
5.92050000e+10 2.01981298e+05 2.01531296e+05
5.93045000e+10 2.01813956e+05 2.01362666e+05
5.94040000e+10 2.01647039e+05 2.01194460e+05
5.95035000e+10 2.01480545e+05 2.01026677e+05
5.96030000e+10 2.01314472e+05 2.00859315e+05
5.97025000e+10 2.01148819e+05 2.00692372e+05
5.98020000e+10 2.00983583e+05 2.00525846e+05
5.99015000e+10 2.00818763e+05 2.00359735e+05
6.00010000e+10 2.00654357e+05 2.00194038e+05
6.01005000e+10 2.00490364e+05 2.00028754e+05
6.02000000e+10 2.00326782e+05 1.99863879e+05
6.02995000e+10 2.00163609e+05 1.99699414e+05
6.03990000e+10 2.00000843e+05 1.99535355e+05
6.04985000e+10 1.99838482e+05 1.99371701e+05
6.05980000e+10 1.99676526e+05 1.99208451e+05
6.06975000e+10 1.99514972e+05 1.99045604e+05
6.07970000e+10 1.99353819e+05 1.98883156e+05
6.08965000e+10 1.99193066e+05 1.98721107e+05
6.09960000e+10 1.99032709e+05 1.98559455e+05
6.10955000e+10 1.98872749e+05 1.98398199e+05
6.11950000e+10 1.98713182e+05 1.98237337e+05
6.12945000e+10 1.98554009e+05 1.98076866e+05
6.13940000e+10 1.98395226e+05 1.97916787e+05
6.14935000e+10 1.98236833e+05 1.97757096e+05
6.15930000e+10 1.98078828e+05 1.97597793e+05
6.16925000e+10 1.97921209e+05 1.97438876e+05
6.17920000e+10 1.97763975e+05 1.97280343e+05
6.18915000e+10 1.97607125e+05 1.97122194e+05
6.19910000e+10 1.97450656e+05 1.96964425e+05
6.20905000e+10 1.97294567e+05 1.96807036e+05
6.21900000e+10 1.97138856e+05 1.96650026e+05
6.22895000e+10 1.96983523e+05 1.96493392e+05
6.23890000e+10 1.96828566e+05 1.96337133e+05
6.24885000e+10 1.96673983e+05 1.96181248e+05
6.25880000e+10 1.96519772e+05 1.96025736e+05
6.26875000e+10 1.96365933e+05 1.95870594e+05
6.27870000e+10 1.96212463e+05 1.95715821e+05
6.28865000e+10 1.96059362e+05 1.95561417e+05
6.29860000e+10 1.95906627e+05 1.95407378e+05
6.30855000e+10 1.95754258e+05 1.95253705e+05
6.30957344e+10 1.95738606e+05 1.95237919e+05
6.31850000e+10 1.95602252e+05 1.95100395e+05
6.32845000e+10 1.95450609e+05 1.94947447e+05
6.33840000e+10 1.95299327e+05 1.94794860e+05
6.34835000e+10 1.95148405e+05 1.94642632e+05
6.35830000e+10 1.94997841e+05 1.94490762e+05
6.36825000e+10 1.94847634e+05 1.94339249e+05
6.37820000e+10 1.94697782e+05 1.94188090e+05
6.38815000e+10 1.94548285e+05 1.94037285e+05
6.39810000e+10 1.94399140e+05 1.93886833e+05
6.40805000e+10 1.94250346e+05 1.93736731e+05
6.41800000e+10 1.94101902e+05 1.93586979e+05
6.42795000e+10 1.93953807e+05 1.93437575e+05
6.43790000e+10 1.93806060e+05 1.93288518e+05
6.44785000e+10 1.93658658e+05 1.93139806e+05
6.45780000e+10 1.93511600e+05 1.92991439e+05
6.46775000e+10 1.93364886e+05 1.92843414e+05
6.47770000e+10 1.93218514e+05 1.92695731e+05
6.48765000e+10 1.93072482e+05 1.92548389e+05
6.49760000e+10 1.92926790e+05 1.92401385e+05
6.50755000e+10 1.92781436e+05 1.92254719e+05
6.51750000e+10 1.92636418e+05 1.92108389e+05
6.52745000e+10 1.92491736e+05 1.91962394e+05
6.53740000e+10 1.92347389e+05 1.91816733e+05
6.54735000e+10 1.92203374e+05 1.91671405e+05
6.55730000e+10 1.92059690e+05 1.91526407e+05
6.56725000e+10 1.91916337e+05 1.91381740e+05
6.57720000e+10 1.91773314e+05 1.91237402e+05
6.58715000e+10 1.91630618e+05 1.91093391e+05
6.59710000e+10 1.91488248e+05 1.90949706e+05
6.60705000e+10 1.91346205e+05 1.90806346e+05
6.61700000e+10 1.91204485e+05 1.90663311e+05
6.62695000e+10 1.91063088e+05 1.90520597e+05
6.63690000e+10 1.90922014e+05 1.90378206e+05
6.64685000e+10 1.90781259e+05 1.90236134e+05
6.65680000e+10 1.90640824e+05 1.90094381e+05
6.66675000e+10 1.90500708e+05 1.89952946e+05
6.67670000e+10 1.90360908e+05 1.89811828e+05
6.68665000e+10 1.90221424e+05 1.89671025e+05
6.69660000e+10 1.90082255e+05 1.89530537e+05
6.70655000e+10 1.89943399e+05 1.89390361e+05
6.71650000e+10 1.89804855e+05 1.89250498e+05
6.72645000e+10 1.89666623e+05 1.89110945e+05
6.73640000e+10 1.89528701e+05 1.88971702e+05
6.74635000e+10 1.89391087e+05 1.88832768e+05
6.75630000e+10 1.89253781e+05 1.88694140e+05
6.76625000e+10 1.89116782e+05 1.88555819e+05
6.77620000e+10 1.88980089e+05 1.88417803e+05
6.78615000e+10 1.88843699e+05 1.88280092e+05
6.79610000e+10 1.88707613e+05 1.88142682e+05
6.80605000e+10 1.88571829e+05 1.88005575e+05
6.81600000e+10 1.88436347e+05 1.87868769e+05
6.82595000e+10 1.88301164e+05 1.87732261e+05
6.83590000e+10 1.88166279e+05 1.87596053e+05
6.84585000e+10 1.88031693e+05 1.87460142e+05
6.85580000e+10 1.87897403e+05 1.87324527e+05
6.86575000e+10 1.87763409e+05 1.87189207e+05
6.87570000e+10 1.87629710e+05 1.87054182e+05
6.88565000e+10 1.87496304e+05 1.86919449e+05
6.89560000e+10 1.87363190e+05 1.86785009e+05
6.90555000e+10 1.87230368e+05 1.86650860e+05
6.91550000e+10 1.87097836e+05 1.86517000e+05
6.92545000e+10 1.86965593e+05 1.86383430e+05
6.93540000e+10 1.86833638e+05 1.86250147e+05
6.94535000e+10 1.86701971e+05 1.86117151e+05
6.95530000e+10 1.86570590e+05 1.85984441e+05
6.96525000e+10 1.86439494e+05 1.85852016e+05
6.97520000e+10 1.86308682e+05 1.85719874e+05
6.98515000e+10 1.86178153e+05 1.85588016e+05
6.99510000e+10 1.86047906e+05 1.85456439e+05
7.00505000e+10 1.85917941e+05 1.85325142e+05
7.01500000e+10 1.85788255e+05 1.85194126e+05
7.02495000e+10 1.85658849e+05 1.85063388e+05
7.03490000e+10 1.85529721e+05 1.84932928e+05
7.04485000e+10 1.85400870e+05 1.84802745e+05
7.05480000e+10 1.85272295e+05 1.84672838e+05
7.06475000e+10 1.85143995e+05 1.84543205e+05
7.07470000e+10 1.85015969e+05 1.84413847e+05
7.07945784e+10 1.84954847e+05 1.84352087e+05
7.08465000e+10 1.84888217e+05 1.84284761e+05
7.09460000e+10 1.84760737e+05 1.84155948e+05
7.10455000e+10 1.84633529e+05 1.84027405e+05
7.11450000e+10 1.84506591e+05 1.83899132e+05
7.12445000e+10 1.84379922e+05 1.83771129e+05
7.13440000e+10 1.84253522e+05 1.83643393e+05
7.14435000e+10 1.84127389e+05 1.83515925e+05
7.15430000e+10 1.84001524e+05 1.83388723e+05
7.16425000e+10 1.83875923e+05 1.83261787e+05
7.17420000e+10 1.83750588e+05 1.83135115e+05
7.18415000e+10 1.83625517e+05 1.83008707e+05
7.19410000e+10 1.83500708e+05 1.82882561e+05
7.20405000e+10 1.83376162e+05 1.82756677e+05
7.21400000e+10 1.83251877e+05 1.82631054e+05
7.22395000e+10 1.83127852e+05 1.82505690e+05
7.23390000e+10 1.83004086e+05 1.82380586e+05
7.24385000e+10 1.82880579e+05 1.82255740e+05
7.25380000e+10 1.82757330e+05 1.82131151e+05
7.26375000e+10 1.82634337e+05 1.82006819e+05
7.27370000e+10 1.82511600e+05 1.81882742e+05
7.28365000e+10 1.82389118e+05 1.81758919e+05
7.29360000e+10 1.82266890e+05 1.81635351e+05
7.30355000e+10 1.82144916e+05 1.81512035e+05
7.31350000e+10 1.82023194e+05 1.81388971e+05
7.32345000e+10 1.81901723e+05 1.81266159e+05
7.33340000e+10 1.81780503e+05 1.81143597e+05
7.34335000e+10 1.81659533e+05 1.81021284e+05
7.35330000e+10 1.81538811e+05 1.80899220e+05
7.36325000e+10 1.81418338e+05 1.80777404e+05
7.37320000e+10 1.81298112e+05 1.80655834e+05
7.38315000e+10 1.81178133e+05 1.80534511e+05
7.39310000e+10 1.81058399e+05 1.80413433e+05
7.40305000e+10 1.80938910e+05 1.80292600e+05
7.41300000e+10 1.80819665e+05 1.80172010e+05
7.42295000e+10 1.80700663e+05 1.80051663e+05
7.43290000e+10 1.80581904e+05 1.79931558e+05
7.44285000e+10 1.80463386e+05 1.79811694e+05
7.45280000e+10 1.80345109e+05 1.79692071e+05
7.46275000e+10 1.80227072e+05 1.79572687e+05
7.47270000e+10 1.80109273e+05 1.79453542e+05
7.48265000e+10 1.79991714e+05 1.79334635e+05
7.49260000e+10 1.79874391e+05 1.79215965e+05
7.50255000e+10 1.79757306e+05 1.79097532e+05
7.51250000e+10 1.79640456e+05 1.78979334e+05
7.52245000e+10 1.79523842e+05 1.78861371e+05
7.53240000e+10 1.79407462e+05 1.78743643e+05
7.54235000e+10 1.79291316e+05 1.78626147e+05
7.55230000e+10 1.79175403e+05 1.78508884e+05
7.56225000e+10 1.79059721e+05 1.78391853e+05
7.57220000e+10 1.78944271e+05 1.78275053e+05
7.58215000e+10 1.78829052e+05 1.78158483e+05
7.59210000e+10 1.78714063e+05 1.78042143e+05
7.60205000e+10 1.78599302e+05 1.77926032e+05
7.61200000e+10 1.78484770e+05 1.77810148e+05
7.62195000e+10 1.78370466e+05 1.77694492e+05
7.63190000e+10 1.78256388e+05 1.77579062e+05
7.64185000e+10 1.78142536e+05 1.77463858e+05
7.65180000e+10 1.78028910e+05 1.77348879e+05
7.66175000e+10 1.77915509e+05 1.77234124e+05
7.67170000e+10 1.77802331e+05 1.77119593e+05
7.68165000e+10 1.77689377e+05 1.77005285e+05
7.69160000e+10 1.77576645e+05 1.76891199e+05
7.70155000e+10 1.77464134e+05 1.76777335e+05
7.71150000e+10 1.77351845e+05 1.76663691e+05
7.72145000e+10 1.77239776e+05 1.76550267e+05
7.73140000e+10 1.77127927e+05 1.76437062e+05
7.74135000e+10 1.77016297e+05 1.76324076e+05
7.75130000e+10 1.76904885e+05 1.76211308e+05
7.76125000e+10 1.76793690e+05 1.76098757e+05
7.77120000e+10 1.76682712e+05 1.75986423e+05
7.78115000e+10 1.76571950e+05 1.75874304e+05
7.79110000e+10 1.76461404e+05 1.75762401e+05
7.80105000e+10 1.76351073e+05 1.75650712e+05
7.81100000e+10 1.76240955e+05 1.75539236e+05
7.82095000e+10 1.76131051e+05 1.75427974e+05
7.83090000e+10 1.76021359e+05 1.75316924e+05
7.84085000e+10 1.75911880e+05 1.75206086e+05
7.85080000e+10 1.75802612e+05 1.75095458e+05
7.86075000e+10 1.75693555e+05 1.74985042e+05
7.87070000e+10 1.75584707e+05 1.74874834e+05
7.88065000e+10 1.75476069e+05 1.74764836e+05
7.89060000e+10 1.75367640e+05 1.74655047e+05
7.90055000e+10 1.75259419e+05 1.74545465e+05
7.91050000e+10 1.75151405e+05 1.74436090e+05
7.92045000e+10 1.75043598e+05 1.74326921e+05
7.93040000e+10 1.74935996e+05 1.74217958e+05
7.94035000e+10 1.74828601e+05 1.74109201e+05
7.94328235e+10 1.74796990e+05 1.74077188e+05
7.95030000e+10 1.74721410e+05 1.74000648e+05
7.96025000e+10 1.74614423e+05 1.73892298e+05
7.97020000e+10 1.74507640e+05 1.73784152e+05
7.98015000e+10 1.74401060e+05 1.73676209e+05
7.99010000e+10 1.74294682e+05 1.73568467e+05
8.00005000e+10 1.74188505e+05 1.73460927e+05
8.01000000e+10 1.74082530e+05 1.73353587e+05
8.01995000e+10 1.73976755e+05 1.73246448e+05
8.02990000e+10 1.73871179e+05 1.73139508e+05
8.03985000e+10 1.73765803e+05 1.73032767e+05
8.04980000e+10 1.73660626e+05 1.72926224e+05
8.05975000e+10 1.73555646e+05 1.72819878e+05
8.06970000e+10 1.73450863e+05 1.72713730e+05
8.07965000e+10 1.73346278e+05 1.72607778e+05
8.08960000e+10 1.73241888e+05 1.72502022e+05
8.09955000e+10 1.73137694e+05 1.72396460e+05
8.10950000e+10 1.73033694e+05 1.72291094e+05
8.11945000e+10 1.72929889e+05 1.72185921e+05
8.12940000e+10 1.72826278e+05 1.72080942e+05
8.13935000e+10 1.72722860e+05 1.71976156e+05
8.14930000e+10 1.72619634e+05 1.71871562e+05
8.15925000e+10 1.72516600e+05 1.71767159e+05
8.16920000e+10 1.72413758e+05 1.71662948e+05
8.17915000e+10 1.72311106e+05 1.71558927e+05
8.18910000e+10 1.72208645e+05 1.71455096e+05
8.19905000e+10 1.72106373e+05 1.71351454e+05
8.20900000e+10 1.72004290e+05 1.71248001e+05
8.21895000e+10 1.71902395e+05 1.71144736e+05
8.22890000e+10 1.71800689e+05 1.71041658e+05
8.23885000e+10 1.71699170e+05 1.70938768e+05
8.24880000e+10 1.71597837e+05 1.70836064e+05
8.25875000e+10 1.71496691e+05 1.70733546e+05
8.26870000e+10 1.71395730e+05 1.70631214e+05
8.27865000e+10 1.71294955e+05 1.70529066e+05
8.28860000e+10 1.71194364e+05 1.70427102e+05
8.29855000e+10 1.71093957e+05 1.70325322e+05
8.30850000e+10 1.70993733e+05 1.70223725e+05
8.31845000e+10 1.70893692e+05 1.70122311e+05
8.32840000e+10 1.70793834e+05 1.70021079e+05
8.33835000e+10 1.70694157e+05 1.69920028e+05
8.34830000e+10 1.70594661e+05 1.69819158e+05
8.35825000e+10 1.70495347e+05 1.69718468e+05
8.36820000e+10 1.70396212e+05 1.69617959e+05
8.37815000e+10 1.70297257e+05 1.69517629e+05
8.38810000e+10 1.70198481e+05 1.69417477e+05
8.39805000e+10 1.70099884e+05 1.69317504e+05
8.40800000e+10 1.70001464e+05 1.69217708e+05
8.41795000e+10 1.69903223e+05 1.69118090e+05
8.42790000e+10 1.69805158e+05 1.69018649e+05
8.43785000e+10 1.69707269e+05 1.68919383e+05
8.44780000e+10 1.69609557e+05 1.68820293e+05
8.45775000e+10 1.69512020e+05 1.68721379e+05
8.46770000e+10 1.69414658e+05 1.68622639e+05
8.47765000e+10 1.69317470e+05 1.68524073e+05
8.48760000e+10 1.69220456e+05 1.68425681e+05
8.49755000e+10 1.69123616e+05 1.68327461e+05
8.50750000e+10 1.69026948e+05 1.68229415e+05
8.51745000e+10 1.68930453e+05 1.68131540e+05
8.52740000e+10 1.68834130e+05 1.68033837e+05
8.53735000e+10 1.68737978e+05 1.67936305e+05
8.54730000e+10 1.68641997e+05 1.67838944e+05
8.55725000e+10 1.68546186e+05 1.67741753e+05
8.56720000e+10 1.68450545e+05 1.67644731e+05
8.57715000e+10 1.68355074e+05 1.67547879e+05
8.58710000e+10 1.68259771e+05 1.67451195e+05
8.59705000e+10 1.68164637e+05 1.67354679e+05
8.60700000e+10 1.68069671e+05 1.67258331e+05
8.61695000e+10 1.67974872e+05 1.67162150e+05
8.62690000e+10 1.67880240e+05 1.67066135e+05
8.63685000e+10 1.67785774e+05 1.66970287e+05
8.64680000e+10 1.67691475e+05 1.66874604e+05
8.65675000e+10 1.67597341e+05 1.66779087e+05
8.66670000e+10 1.67503372e+05 1.66683735e+05
8.67665000e+10 1.67409568e+05 1.66588546e+05
8.68660000e+10 1.67315927e+05 1.66493522e+05
8.69655000e+10 1.67222451e+05 1.66398661e+05
8.70650000e+10 1.67129137e+05 1.66303963e+05
8.71645000e+10 1.67035987e+05 1.66209427e+05
8.72640000e+10 1.66942998e+05 1.66115053e+05
8.73635000e+10 1.66850171e+05 1.66020840e+05
8.74630000e+10 1.66757506e+05 1.65926789e+05
8.75625000e+10 1.66665001e+05 1.65832898e+05
8.76620000e+10 1.66572657e+05 1.65739168e+05
8.77615000e+10 1.66480473e+05 1.65645596e+05
8.78610000e+10 1.66388448e+05 1.65552185e+05
8.79605000e+10 1.66296582e+05 1.65458932e+05
8.80600000e+10 1.66204875e+05 1.65365837e+05
8.81595000e+10 1.66113326e+05 1.65272900e+05
8.82590000e+10 1.66021934e+05 1.65180120e+05
8.83585000e+10 1.65930700e+05 1.65087498e+05
8.84580000e+10 1.65839623e+05 1.64995032e+05
8.85575000e+10 1.65748702e+05 1.64902722e+05
8.86570000e+10 1.65657937e+05 1.64810567e+05
8.87565000e+10 1.65567327e+05 1.64718568e+05
8.88560000e+10 1.65476873e+05 1.64626724e+05
8.89555000e+10 1.65386573e+05 1.64535034e+05
8.90550000e+10 1.65296427e+05 1.64443498e+05
8.91250938e+10 1.65233015e+05 1.64379107e+05
8.91545000e+10 1.65206435e+05 1.64352115e+05
8.92540000e+10 1.65116596e+05 1.64260886e+05
8.93535000e+10 1.65026911e+05 1.64169809e+05
8.94530000e+10 1.64937377e+05 1.64078884e+05
8.95525000e+10 1.64847996e+05 1.63988111e+05
8.96520000e+10 1.64758767e+05 1.63897490e+05
8.97515000e+10 1.64669688e+05 1.63807019e+05
8.98510000e+10 1.64580761e+05 1.63716699e+05
8.99505000e+10 1.64491984e+05 1.63626529e+05
9.00500000e+10 1.64403356e+05 1.63536509e+05
9.01495000e+10 1.64314879e+05 1.63446638e+05
9.02490000e+10 1.64226550e+05 1.63356916e+05
9.03485000e+10 1.64138370e+05 1.63267342e+05
9.04480000e+10 1.64050339e+05 1.63177916e+05
9.05475000e+10 1.63962455e+05 1.63088638e+05
9.06470000e+10 1.63874719e+05 1.62999507e+05
9.07465000e+10 1.63787130e+05 1.62910523e+05
9.08460000e+10 1.63699688e+05 1.62821686e+05
9.09455000e+10 1.63612392e+05 1.62732994e+05
9.10450000e+10 1.63525242e+05 1.62644448e+05
9.11445000e+10 1.63438237e+05 1.62556048e+05
9.12440000e+10 1.63351378e+05 1.62467792e+05
9.13435000e+10 1.63264663e+05 1.62379681e+05
9.14430000e+10 1.63178093e+05 1.62291713e+05
9.15425000e+10 1.63091666e+05 1.62203890e+05
9.16420000e+10 1.63005383e+05 1.62116209e+05
9.17415000e+10 1.62919243e+05 1.62028672e+05
9.18410000e+10 1.62833246e+05 1.61941276e+05
9.19405000e+10 1.62747391e+05 1.61854023e+05
9.20400000e+10 1.62661679e+05 1.61766912e+05
9.21395000e+10 1.62576107e+05 1.61679942e+05
9.22390000e+10 1.62490677e+05 1.61593113e+05
9.23385000e+10 1.62405388e+05 1.61506425e+05
9.24380000e+10 1.62320240e+05 1.61419877e+05
9.25375000e+10 1.62235231e+05 1.61333468e+05
9.26370000e+10 1.62150362e+05 1.61247199e+05
9.27365000e+10 1.62065633e+05 1.61161070e+05
9.28360000e+10 1.61981042e+05 1.61075078e+05
9.29355000e+10 1.61896590e+05 1.60989225e+05
9.30350000e+10 1.61812276e+05 1.60903511e+05
9.31345000e+10 1.61728100e+05 1.60817933e+05
9.32340000e+10 1.61644062e+05 1.60732493e+05
9.33335000e+10 1.61560161e+05 1.60647190e+05
9.34330000e+10 1.61476396e+05 1.60562023e+05
9.35325000e+10 1.61392768e+05 1.60476992e+05
9.36320000e+10 1.61309276e+05 1.60392097e+05
9.37315000e+10 1.61225919e+05 1.60307338e+05
9.38310000e+10 1.61142698e+05 1.60222714e+05
9.39305000e+10 1.61059612e+05 1.60138224e+05
9.40300000e+10 1.60976660e+05 1.60053868e+05
9.41295000e+10 1.60893843e+05 1.59969647e+05
9.42290000e+10 1.60811159e+05 1.59885559e+05
9.43285000e+10 1.60728609e+05 1.59801604e+05
9.44280000e+10 1.60646192e+05 1.59717783e+05
9.45275000e+10 1.60563908e+05 1.59634094e+05
9.46270000e+10 1.60481756e+05 1.59550537e+05
9.47265000e+10 1.60399737e+05 1.59467112e+05
9.48260000e+10 1.60317849e+05 1.59383818e+05
9.49255000e+10 1.60236093e+05 1.59300656e+05
9.50250000e+10 1.60154468e+05 1.59217624e+05
9.51245000e+10 1.60072974e+05 1.59134723e+05
9.52240000e+10 1.59991610e+05 1.59051952e+05
9.53235000e+10 1.59910376e+05 1.58969311e+05
9.54230000e+10 1.59829271e+05 1.58886800e+05
9.55225000e+10 1.59748297e+05 1.58804417e+05
9.56220000e+10 1.59667451e+05 1.58722163e+05
9.57215000e+10 1.59586734e+05 1.58640038e+05
9.58210000e+10 1.59506145e+05 1.58558041e+05
9.59205000e+10 1.59425684e+05 1.58476172e+05
9.60200000e+10 1.59345352e+05 1.58394430e+05
9.61195000e+10 1.59265146e+05 1.58312815e+05
9.62190000e+10 1.59185068e+05 1.58231327e+05
9.63185000e+10 1.59105116e+05 1.58149966e+05
9.64180000e+10 1.59025291e+05 1.58068731e+05
9.65175000e+10 1.58945591e+05 1.57987621e+05
9.66170000e+10 1.58866018e+05 1.57906637e+05
9.67165000e+10 1.58786570e+05 1.57825778e+05
9.68160000e+10 1.58707247e+05 1.57745045e+05
9.69155000e+10 1.58628049e+05 1.57664435e+05
9.70150000e+10 1.58548975e+05 1.57583950e+05
9.71145000e+10 1.58470026e+05 1.57503589e+05
9.72140000e+10 1.58391200e+05 1.57423351e+05
9.73135000e+10 1.58312498e+05 1.57343237e+05
9.74130000e+10 1.58233919e+05 1.57263245e+05
9.75125000e+10 1.58155463e+05 1.57183376e+05
9.76120000e+10 1.58077129e+05 1.57103630e+05
9.77115000e+10 1.57998918e+05 1.57024005e+05
9.78110000e+10 1.57920828e+05 1.56944502e+05
9.79105000e+10 1.57842861e+05 1.56865121e+05
9.80100000e+10 1.57765014e+05 1.56785861e+05
9.81095000e+10 1.57687289e+05 1.56706721e+05
9.82090000e+10 1.57609685e+05 1.56627702e+05
9.83085000e+10 1.57532200e+05 1.56548803e+05
9.84080000e+10 1.57454836e+05 1.56470024e+05
9.85075000e+10 1.57377592e+05 1.56391364e+05
9.86070000e+10 1.57300467e+05 1.56312824e+05
9.87065000e+10 1.57223462e+05 1.56234403e+05
9.88060000e+10 1.57146575e+05 1.56156100e+05
9.89055000e+10 1.57069807e+05 1.56077916e+05
9.90050000e+10 1.56993157e+05 1.55999850e+05
9.91045000e+10 1.56916626e+05 1.55921901e+05
9.92040000e+10 1.56840212e+05 1.55844070e+05
9.93035000e+10 1.56763915e+05 1.55766356e+05
9.94030000e+10 1.56687735e+05 1.55688759e+05
9.95025000e+10 1.56611673e+05 1.55611279e+05
9.96020000e+10 1.56535727e+05 1.55533915e+05
9.97015000e+10 1.56459897e+05 1.55456667e+05
9.98010000e+10 1.56384183e+05 1.55379534e+05
9.99005000e+10 1.56308585e+05 1.55302517e+05
1.00000000e+11 1.56233102e+05 1.55225615e+05
1.12201845e+11 1.47769559e+05 1.46586258e+05
1.25892541e+11 1.39816778e+05 1.38432236e+05
1.41253754e+11 1.32351202e+05 1.30736291e+05
1.58489319e+11 1.25351310e+05 1.23472592e+05
1.77827941e+11 1.18797628e+05 1.16616610e+05
1.99526231e+11 1.12672756e+05 1.10144990e+05
2.23872114e+11 1.06961440e+05 1.04035394e+05
2.51188643e+11 1.01650670e+05 9.82663316e+04
2.81838293e+11 9.67298340e+04 9.28169366e+04
3.16227766e+11 9.21909334e+04 8.76666906e+04
3.54813389e+11 8.80288712e+04 8.27950482e+04
3.98107171e+11 8.42418437e+04 7.81809223e+04
4.46683592e+11 8.08318523e+04 7.38019524e+04
5.01187234e+11 7.78053654e+04 6.96334388e+04
5.62341325e+11 7.51741461e+04 6.56467556e+04
6.30957344e+11 7.29562416e+04 6.18069410e+04
7.07945784e+11 7.11770450e+04 5.80689736e+04
7.94328235e+11 6.98701483e+04 5.43719367e+04
8.91250938e+11 6.90772255e+04 5.06297868e+04
1.00000000e+12 6.88450628e+04 4.67167512e+04
1.12201845e+12 6.92152867e+04 4.24446685e+04
1.25892541e+12 7.01966900e+04 3.75299620e+04
1.41253754e+12 7.16987906e+04 3.15536837e+04
1.58489319e+12 7.33883629e+04 2.39425394e+04
1.77827941e+12 7.44311505e+04 1.40719438e+04
1.99526231e+12 7.32088748e+04 1.72568203e+03
2.23872114e+12 6.75623559e+04 -1.19122577e+04
2.51188643e+12 5.64520910e+04 -2.36039745e+04
2.81838293e+12 4.19833514e+04 -2.98579175e+04
3.16227766e+12 2.82147744e+04 -3.01089153e+04
3.54813389e+12 1.77437391e+04 -2.66257572e+04
3.98107171e+12 1.07937746e+04 -2.19109003e+04
4.46683592e+12 6.49053083e+03 -1.73867777e+04
5.01187234e+12 3.90182134e+03 -1.35676205e+04
5.62341325e+12 2.35607108e+03 -1.05185296e+04
6.30957344e+12 1.43076459e+03 -8.14312825e+03
7.07945784e+12 8.73339106e+02 -6.31053458e+03
7.94328235e+12 5.35144675e+02 -4.90043402e+03
8.91250938e+12 3.28655461e+02 -3.81459123e+03
1.00000000e+13 2.01962707e+02 -2.97651750e+03
1.00000000e+15 5.92984869e-09 -6.72752869e-03
