                 0.1              0.00014              1400000
                   1               0.0014              1400000
                  10                0.014              1400000
                 100    0.140000000000001              1400000
                1000      1.4000000000014              1400000
               10000        14.0000000014              1400000
              100000          140.0000014              1400000
             1000000            1400.0014      1399999.9999986
            10000000      14001.399999986      1399999.9859986
            20000000     28011.1999982073      1399999.7759104
            30000000     42037.7999693544      1399998.8649794
            40000000      56089.599770257     1399996.41026561
            50000000     70174.9989035157     1399991.22812514
            60000000     84302.3960667874     1399981.79068245
            70000000     98480.1884139043     1399966.22129537
            80000000     112716.770451975     1399942.28901353
            90000000     127020.532496081     1399907.40203181
           100000000     141399.858600141      1399858.6001414
           110000000     155863.123878968     1399792.54618212
           120000000     170418.691132515     1399705.51650172
           130000000     185074.906678775     1399593.39043003
           140000000     199840.095296808     1399451.63877851
           150000000     214722.554175906     1399275.31137966
           160000000     229730.545761012     1399059.02368456
           170000000     244872.289378219     1398796.94244228
           180000000     260155.951517502     1398482.77049075
           190000000     275589.634642844     1398109.73069598
           200000000     291181.364392679     1397670.54908486
           210000000     306939.075026152     1397157.43722618
           220000000     322870.592963165     1396562.07392613
           230000000     338983.618258715     1395875.58631665
           240000000     355285.703844665     1395088.53043005
           250000000     371784.232365145     1394190.87136929
           260000000     388486.390425236     1393171.96320189
           270000000     405399.140066915     1392020.52872606
           280000000     422529.187281492      1390724.6392808
           290000000     439882.947364398     1389271.69479673
           300000000     457466.506916458     1387648.40431326
           310000000     475285.582296186     1385840.76721781
           320000000      493345.47433053     1383834.05549714
           330000000     511651.019097529     1381612.79732669
           340000000     530206.534603952     1379160.76236393
           350000000     549015.763194936     1376460.94915302
           360000000     568081.809551565     1373495.57509356
           370000000     587407.074157002     1370246.06947273
           380000000     606993.182143045     1366693.07010945
           390000000     626840.907467708     1362816.42420992
           400000000     646950.092421442     1358595.19408503
           410000000     667319.562515991     1354007.66843184
           420000000     687947.036876395      1349031.3799319
           430000000     708829.034334301     1343643.12996718
           440000000     729960.775510328     1337819.02129893
           450000000     751336.081275482     1331534.49959377
           460000000     772947.268097096      1324764.4047125
           470000000     794785.040903829     1317483.03269824
           480000000     816838.384246999     1309664.20940936
           490000000     839094.452691531     1301281.37673529
           500000000     861538.461538462     1292307.69230769
           510000000     884153.579160802     1282716.14357074
           520000000     906920.822423707     1272479.67700065
           530000000     929818.956855661      1261571.3431602
           540000000     952824.403436137     1249964.45813733
           550000000     975911.154062468     1237632.78174286
           560000000     999050.697949051     1224550.71262898
           570000000     1022211.96138893      1210693.5002345
           580000000     1045361.26346379     1196037.47316305
           590000000     1068462.29041501     1180560.28325686
           600000000     1091476.09147609     1164241.16424116
           610000000     1114361.09900588     1147061.20338655
           620000000     1137073.17574163     1129003.62417185
           630000000     1159565.69190095     1110054.07743724
           640000000     1181789.63469194     1090200.93800332
           650000000     1203693.75253181     1069435.60321095
           660000000     1225224.73591899     1047752.78932224
           670000000     1246327.43644624     1025150.82123212
           680000000     1266945.12488033     1001631.91049363
           690000000     1287019.78856876     977202.416277064
           700000000     1306492.46767098     951873.083588855
           710000000     1325303.62886133     925659.252890612
           720000000     1343393.57422868     898581.035206294
           730000000     1360702.88212448     870663.446904581
           740000000      1377172.8757135     841936.498611873
           750000000     1392746.11398964     812435.233160622
           760000000     1407366.89906915     782199.708114222
           770000000     1420981.79270193      751274.91923241
           780000000     1433540.13418776     719710.662240931
           790000000     1444994.55128614     687561.331428432
           800000000     1455301.45530146     654885.654885655
           810000000     1464421.51133956     621746.367592192
           820000000     1472320.07479181     588209.825002191
           830000000     1478967.58542161     554345.561234534
           840000000     1484339.91101231     520225.797383361
           850000000     1488418.63337529     485924.906778402
           860000000     1491191.27059603     451518.845189774
           870000000      1492651.4306825     417084.554941282
           880000000     1492798.89323502     382699.352629342
           890000000     1491639.61733051     348440.310610127
           900000000     1489185.67545207     314383.642595438
           910000000     1485455.11493907     280604.103580249
           920000000     1480471.75002428     247174.413917096
           930000000     1474264.88900818     214164.716672048
           940000000     1466869.00244526     181642.076473008
           950000000     1458323.33934115     149670.026932381
           960000000     1448671.49925083     118308.172438818
           970000000     1437960.96880492     87611.8487179079
           980000000     1426242.63156485     57631.8451122125
           990000000     1413570.26021962     28414.1900791622
          1000000000              1400000                    0
          1010000000     1385589.85182234    -27574.6099224049
          1020000000      1370399.1631122    -54278.5550879736
          1030000000     1354488.13353329    -80085.7546914345
          1040000000     1337917.34199637    -104975.052987408
          1050000000     1320747.30038578    -128930.093609088
          1060000000     1303038.03845501    -151939.152408527
          1070000000     1284848.72334369    -173994.934591122
          1080000000      1266237.3161879    -195094.342049691
          1090000000     1247260.26736111     -215238.21678039
          1100000000     1227972.25101667    -234431.066103182
          1110000000     1208425.93882079    -252680.775135409
          1120000000     1188671.81207923    -269998.311600855
          1130000000     1168758.01087759    -286397.427621243
          1140000000     1148730.21837621    -301894.362653957
          1150000000     1128631.57802498    -316507.551228745
          1160000000     1108502.64118501    -330257.338615121
          1170000000     1088381.34245672    -343165.707036141
          1180000000     1068302.99990864    -355256.014545889
          1190000000     1048300.33736709     -366552.74821718
          1200000000     1028403.52595495    -377081.292850147
          1210000000     1008640.24214606    -386867.716016518
          1220000000     989035.739721371    -395938.569901572
          1230000000     969612.933163528    -404320.710097214
          1240000000     950392.490200008      -412041.1312351
          1250000000     931392.931392931    -419126.819126819
          1260000000     912630.734870134     -425604.61889658
          1270000000     894120.444490908     -431501.11844762
          1280000000     875874.779936461     -436842.54649331
          1290000000     857904.747405932    -441654.684304092
          1300000000     840219.749780712    -445962.790268224
          1310000000     822827.695290897    -449791.536334207
          1320000000     805735.103876346    -453164.955392272
          1330000000     788947.210580319    -456106.398658051
          1340000000     772468.065445471     -458638.50214061
          1350000000     756300.629500226    -460783.161306619
          1360000000     740446.866528417    -462561.513090105
          1370000000      724907.83040714    -463993.924440892
          1380000000     709683.747877781    -465099.986652656
          1390000000     694774.096683799    -465898.514761848
          1400000000     680177.679067185    -466407.551360355
          1410000000     665892.690664263    -466644.374216566
          1420000000     651916.784881785    -466625.507150596
          1430000000     638247.132866836     -466366.73365913
          1440000000     624880.479209929     -465883.11283318
          1450000000     611813.193540549    -465188.997157555
          1460000000     599041.318189131     -464298.05182385
          1470000000     586560.612099769    -463223.275228994
          1480000000       574366.5911844    -461977.020368858
          1490000000      562454.56531253    -460571.016871019
          1500000000     550819.672131147    -459016.393442623
          1510000000     539456.907907875    -457323.700538325
          1520000000     528361.155587026    -455502.933079762
          1530000000     517527.210243407    -453563.553081951
          1540000000     506949.802112756    -451514.512063543
          1550000000     496623.617370956    -449364.273137268
          1560000000     486543.316826742    -447120.832694114
          1570000000     476703.552684844    -444791.741610209
          1580000000     467098.983528417    -442384.125918939
          1590000000     457724.287661488    -439904.706902843
          1600000000     448574.174943928     -437359.82057033
          1610000000     439643.397243433    -434755.436491472
          1620000000     430926.757621042    -432097.175975075
          1630000000     422419.118359062    -429390.329576153
          1640000000     414115.407932824    -426639.873928841
          1650000000     406010.627020578    -423850.487904816
          1660000000     398099.853639034    -421026.568101619
          1670000000     390378.247485553    -418172.243668806
          1680000000     382841.053561912    -415291.390482874
          1690000000     375483.605148735    -412387.644684359
          1700000000     368301.326194271    -409464.415592454
          1710000000     361289.733176078    -406524.898014088
          1720000000     354444.436489398    -403572.083965603
          1730000000     347761.141411567    -400608.773826077
          1740000000     341235.648687623    -397637.586941968
          1750000000      334863.85477843     -394660.97170315
          1760000000     328641.751809066    -391681.215110623
          1770000000     322565.427251882    -388700.451856237
          1780000000     316631.063375593    -385720.672934627
          1790000000     310834.936488912    -382743.733807381
          1800000000      305173.41600465     -379771.36213912
          1810000000     299642.963347773    -376805.165124788
          1820000000     294240.130728719    -373846.636426973
          1830000000     288961.559801236    -370897.162741597
          1840000000     283803.980222141     -367958.03000975
          1850000000     278764.208128694    -365030.429292844
          1860000000     273839.144547713    -362115.462327717
          1870000000     269025.773749133    -359214.146777653
          1880000000     264321.161555408    -356327.421194694
          1890000000     259722.453616944    -353456.149708011
          1900000000     255226.873662698    -350601.126452442
          1910000000     250831.721734049    -347763.079750752
          1920000000     246534.372409188    -344942.676062522
          1930000000     242332.273024407    -342140.523712024
          1940000000     238222.941897979    -339357.176406832
          1950000000     234203.966561593    -336593.136558392
          1960000000     230273.002003738    -333848.858415215
          1970000000     226427.768928846    -331124.751018839
          1980000000     222666.052035533    -328421.180992208
          1990000000     218985.698316793    -325738.475169617
          2000000000     215384.615384615    -323076.923076923
          2010000000     211860.769821133    -320436.779270262
          2020000000     208412.185558041    -317818.265541084
          2030000000     205036.942285782    -315221.572994925
          2040000000     201733.173893679     -312646.86401091
          2050000000     198499.066941995    -310094.274088653
          2060000000     195332.859166656    -307563.913588818
          2070000000     192232.838017213    -305055.869373305
          2080000000     189197.339228417    -302570.206350677
          2090000000     186224.745425666    -300106.968932145
          2100000000     183313.484764405    -297666.182403153
          2110000000     180462.029603506     -295247.85421529
          2120000000     177668.895212476    -292851.975203054
          2130000000     174932.638512313    -290478.520729671
          2140000000     172251.856849719    -288127.451766007
          2150000000     169625.186804316    -285798.715906341
          2160000000     167051.303028447    -283492.248324573
          2170000000     164528.917119122    -281207.972674245
          2180000000     162056.776521564    -278945.801935559
          2190000000     159633.663463854    -276705.639212391
          2200000000     157258.393922065     -274487.37848215
          2210000000      154929.81661531    -272290.905301142
          2220000000     152646.812030071    -270116.097467987
          2230000000     150408.291473189    -267962.825647459
          2240000000     148213.196152845    -265830.953956996
          2250000000     146060.496286905    -263720.340518022
          2260000000     143949.190237943     -261630.83797406
          2270000000     141878.303674304    -259562.293977541
          2280000000     139846.888756518    -257514.551647089
          2290000000     137854.023348424    -255487.449996963
          2300000000     135898.810252341    -253480.824340237
          2310000000     133980.376467632    -251494.506667229
          2320000000     132097.872472011    -249528.326000578
          2330000000     130250.471524975    -247582.108728309
          2340000000     128437.368992707    -245655.678916137
          2350000000      126657.78169386    -243748.858600205
          2360000000     124910.947265586    -241861.468061366
          2370000000     123196.123549243    -239993.326082067
          2380000000     121512.587995171    -238144.250186839
          2390000000     119859.637085989    -236314.056867317
          2400000000     118236.585777828    -234502.561792692
          2410000000     116642.766958979    -232709.580006418
          2420000000     115077.530925409    -230934.926109981
          2430000000      113540.24487262     -229178.41443445
          2440000000     112030.292403366    -227439.859200538
          2450000000     110547.073050706     -225719.07466782
          2460000000     109090.001815937    -224015.875273734
          2470000000     107658.508720919    -222330.075762969
          2480000000     106252.038374358     -220661.49130778
          2490000000     104870.049551589    -219009.937619766
          2500000000     103512.014787431    -217375.231053604
          2510000000     102177.419981711    -215757.188703214
          2520000000     100865.764017038    -214155.628490779
          2530000000     99576.5583884393     -212570.36924906
          2540000000     98309.3268444784    -211001.230797385
          2550000000     97063.6050394907    -209448.034011685
          2560000000     95838.9401965698    -207910.600888934
          2570000000     94634.8907809638    -206388.754606313
          2580000000     93451.0261835452    -204882.319575428
          2590000000     92286.9264140274    -203391.121491857
          2600000000     91142.1818036136    -201914.987380313
          2610000000     90016.3927167741    -200453.745635694
          2620000000      88909.169271854    -199007.226060252
          2630000000     87820.1310702291    -197575.259897125
          2640000000     86748.9069337297    -196157.679860452
          2650000000     85695.1346500683    -194754.320162278
          2660000000     84658.4607260089    -193365.016536443
          2670000000     83638.5401480301    -191989.606259649
          2680000000     82635.0361502383    -190627.928169863
          2690000000     81647.6199892973    -189279.822682252
          2700000000     80675.9707261478    -187945.131802766
          2710000000     79719.7750142962    -186623.699139556
          2720000000     78778.7268944642    -185315.369912331
          2730000000     77852.5275953901    -184019.990959814
          2740000000     76940.8853405874    -182737.410745404
          2750000000     76043.5151608672     -181467.47936116
          2760000000     75160.1387124398    -180210.048530232
          2770000000     74290.4841004168    -178964.971607824
          2780000000     73434.2857075407    -177732.103580797
          2790000000     72591.2840279744    -176511.301066015
          2800000000     71761.2255059899     -175302.42230749
          2810000000     70943.8623793982    -174105.327172444
          2820000000     70138.9525275721    -172919.877146345
          2830000000     69346.2593239133    -171745.935326988
          2840000000     68565.5514926243    -170583.366417706
          2850000000     67796.6029696484    -169432.036719762
          2860000000     67039.1927676452    -168291.814123981
          2870000000     66293.1048448761    -167162.568101702
          2880000000     65558.1279778739    -166044.169695071
          2890000000     64834.0556377801    -164936.491506755
          2900000000      64120.685870233    -163839.407689113
          2910000000     63417.8211786965     -162752.79393286
          2920000000     62725.2684111208    -161676.527455294
          2930000000     62042.8386498324    -160610.486988094
          2940000000     61370.3471045522    -159554.552764747
          2950000000     60707.6130084435    -158508.606507639
          2960000000     60054.4595170987    -157472.531414836
          2970000000     59410.7136103706    -156446.212146582
          2980000000     58776.2059969623    -155429.534811564
          2990000000     58150.7710216911    -154422.386952953
          3000000000     57534.2465753425    -153424.657534247
          3010000000     56926.4740070361    -152436.236924954
          3020000000     56327.2980390271    -151457.016886131
          3030000000     55736.5666838674    -150486.890555792
          3040000000     55154.1311638557    -149525.752434221
          3050000000     54579.8458327065    -148573.498369195
          3060000000     54013.5680993716    -147630.025541145
          3070000000     53455.1583539474    -146695.232448264
          3080000000     52904.4798956067    -145769.018891583
          3090000000     52361.3988624934    -144851.285960026
          3100000000     51825.7841635211    -143941.936015457
          3110000000     51297.5074120188    -143040.872677739
          3120000000     50776.4428611684    -142148.000809804
          3130000000     50262.4673411804    -141263.226502757
          3140000000     49755.4601981572    -140386.457061017
          3150000000     49255.3032345921    -139517.600987507
          3160000000     48761.8806514579    -138656.567968905
          3170000000     48275.0789918357    -137803.268860953
          3180000000     47794.7870860413     -136957.61567385
          3190000000     47320.8959982025    -136119.521557713
          3200000000     46853.2989742474    -135288.900788139
          3210000000     46391.8913912605    -134465.668751846
          3220000000     45936.5707081677    -133649.741932422
          3230000000     45487.2364177117    -132841.037896171
          3240000000     45043.7899996799    -132039.475278074
          3250000000     44606.1348753494    -131244.973767855
          3260000000     44174.1763631126    -130457.454096167
          3270000000     43747.8216352511    -129676.838020895
          3280000000     43326.9796758241    -128903.048313586
          3290000000     42911.5612396395    -128136.008746001
          3300000000     42501.4788122769    -127375.644076793
          3310000000     42096.6465711323    -126621.880038323
          3320000000     41696.9803474567      -125874.6433236
          3330000000     41302.3975893583    -125133.861573357
          3340000000     40912.8173257434    -124399.463363269
          3350000000     40528.1601311678    -123671.378191302
          3360000000     40148.3480915748    -122949.536465199
          3370000000     39773.3047708929    -122233.869490107
          3380000000     39402.9551784717    -121524.309456349
          3390000000     39037.2257373297    -120820.789427326
          3400000000     38676.0442531948     -120123.24332757
          3410000000     38319.3398843127    -119431.605930928
          3420000000     37967.0431120031    -118745.812848898
          3430000000     37619.0857119439    -118065.800519097
          3440000000     37275.4007261615    -117391.506193879
          3450000000       36935.92243571    -116722.867929081
          3460000000     36600.5863340186    -116059.824572924
          3470000000     36269.3291008901    -115402.315755048
          3480000000     35942.0885771326    -114750.281875682
          3490000000     35618.8037398068    -114103.664094961
          3500000000     35299.4146780729    -113462.404322377
          3510000000     34983.8625696204     -112826.44520637
          3520000000     34672.0896576651    -112195.730124053
          3530000000     34364.0392284989    -111570.203171077
          3540000000     34059.6555895764    -110949.809151627
          3550000000     33758.8840481249    -110334.493568555
          3560000000     33461.6708902636    -109724.202613646
          3570000000     33167.9633606179    -109118.883158017
          3580000000      32877.709642417    -108518.482742641
          3590000000     32590.8588380608    -107922.949569011
          3600000000     32307.3609501441    -107332.232489923
          3610000000     32027.1668629267    -106746.281000393
          3620000000     31750.2283242367    -106165.045228699
          3630000000     31476.4979277962    -105588.475927543
          3640000000     31205.9290959592    -105016.524465347
          3650000000     30938.4760628488    -104449.142817659
          3660000000     30674.0938578864    -103886.283558693
          3670000000     30412.7382896993    -103327.899852979
          3680000000     30154.3659304002    -102773.945447134
          3690000000     29898.9341002271    -102224.374661755
          3700000000     29646.4008525343    -101679.142383422
          3710000000     29396.7249591273    -101138.204056819
          3720000000       29149.86589593    -100601.515676964
          3730000000     28905.7838289788     -100069.03378156
          3740000000     28664.4396007327    -99540.7154434429
          3750000000     28425.7947166938    -99016.5182631501
          3760000000     28189.8113323275    -98496.4003615918
          3770000000     27956.4522402777     -97980.320372829
          3780000000     27725.6808578683    -97468.2374369569
          3790000000     27497.4612148829    -96960.1111930915
          3800000000     27271.7579416179    -96455.9017724592
          3810000000     27048.5362572004    -95955.5697915868
          3820000000     26827.7619581647     -95459.076345591
          3830000000     26609.4014072821    -94966.3830015663
          3840000000     26393.4215226362      -94477.45179207
          3850000000     26179.7897669382    -93992.2452087023
          3860000000      25968.474137077    -93510.7261957814
          3870000000     25759.4431538973    -93032.8581441104
          3880000000     25552.6658522007    -92558.6048848376
          3890000000     25348.1117709644    -92087.9306834051
          3900000000     25145.7509437716    -91620.8002335884
          3910000000     24945.5538894496    -91157.1786516228
          3920000000     24747.4916029091    -90697.0314704168
          3930000000     24551.5355461812    -90240.3246338506
          3940000000     24357.6576396462    -89787.0244911588
          3950000000     24165.8302534509    -89337.0977913966
          3960000000     23976.0261991083    -88890.5116779868
          3970000000     23788.2187212766     -88447.233683348
          3980000000     23602.3814897129     -88007.231723602
          3990000000      23418.488591397     -87570.474093359
          4000000000     23236.5145228216    -87136.9294605809
          4010000000     23056.4341824452    -86706.5668615192
          4020000000     22878.2228633036    -86279.3556957283
          4030000000      22701.856245776    -85855.2657211531
          4040000000     22527.3103905025    -85434.2670492879
          4050000000     22354.5617314495    -85016.3301404077
          4060000000      22183.587069119    -84601.4257988696
          4070000000     22014.3635638988    -84189.5251684837
          4080000000     21846.8687295509    -83780.5997279523
          4090000000     21681.0804268334    -83374.6212863761
          4100000000     21516.9768572544    -82971.5619788271
          4110000000     21354.5365569538    -82571.3942619868
          4120000000     21193.7383907109    -82174.0909098477
          4130000000     21034.5615460737    -81779.6250094797
          4140000000     20876.9855276086    -81387.9699568577
          4150000000     20720.9901512661    -80999.0994527505
          4160000000     20566.5555388622    -80612.9874986712
          4170000000     20413.6621126698    -80229.6083928859
          4180000000     20262.2905901201    -79848.9367264818
          4190000000     20112.4219786106    -79470.9473794928
          4200000000     19964.0375704174    -79095.6155170822
          4210000000     19817.1189377087    -78722.9165857802
          4220000000     19671.6479276591    -78352.8263097784
          4230000000     19527.6066576598    -77985.3206872768
          4240000000     19384.9775106254    -77620.3759868855
          4250000000      19243.743130393    -77257.9687440779
          4260000000     19103.8864172122    -76898.0757576965
          4270000000     18965.3905233243    -76540.6740865093
          4280000000     18828.2388486289    -76185.7410458165
          4290000000      18692.415036435    -75833.2542041067
          4300000000     18557.9029692953    -75483.1913797616
          4310000000     18424.6867649225    -75135.5306378084
          4320000000     18292.7507721844      -74790.25028672
          4330000000     18162.0795671777     -74447.328875261
          4340000000      18032.657949377    -74106.7451893799
          4350000000     17904.4709378593    -73768.4782491456
          4360000000     17777.5037676006    -73432.5073057292
          4370000000     17651.7418858442    -73098.8118384287
          4380000000     17527.1709485387    -72767.3715517367
          4390000000     17403.7768168442    -72438.1663724506
          4400000000     17281.5455537052    -72111.1764468245
          4410000000     17160.4634204893    -71786.3821377617
          4420000000     17040.5168736892    -71463.7640220482
          4430000000     16921.6925616877    -71143.3028876248
          4440000000      16803.977321584    -70824.9797308998
          4450000000     16687.3581760798    -70508.7757540989
          4460000000     16571.8223304239    -70194.6723626538
          4470000000     16457.3571694148    -69882.6511626275
          4480000000      16343.950254459    -69572.6939581773
          4490000000     16231.5893206845    -69264.7827490528
          4500000000     16120.2622741084    -68958.8997281305
          4510000000      16009.957188857    -68655.0272789828
          4520000000     15900.6623044373    -68353.1479734819
          4530000000     15792.3660230601    -68053.2445694378
          4540000000     15685.0569070112     -67755.300008269
          4550000000     15578.7236760725    -67459.2974127075
          4560000000     15473.3552049894    -67165.2200845348
          4570000000     15368.9405209854    -66873.0515023508
          4580000000     15265.4688013222    -66582.7753193741
          4590000000     15162.9293709041    -66294.3753612724
          4600000000     15061.3116999263    -66007.8356240248
          4610000000     14960.6054015661    -65723.1402718128
          4620000000     14860.8002297159    -65440.2736349419
          4630000000      14761.886076757    -65159.2202077915
          4640000000     14663.8529713742    -64879.9646467941
          4650000000     14566.6910764095     -64602.491768442
          4660000000     14470.3906867542    -64326.7865473231
          4670000000     14374.9422272792    -64052.8341141822
          4680000000     14280.3362508024    -63780.6197540112
          4690000000      14186.563436092    -63510.1289041645
          4700000000     14093.6145859058    -63241.3471525008
          4710000000     14001.4806250653    -62974.2602355513
          4720000000     13910.1525985639    -62708.8540367123
          4730000000     13819.6216697085    -62445.1145844634
          4740000000     13729.8791182942    -62183.0280506105
          4750000000     13640.9163388114    -61922.5807485517
          4760000000     13552.7248386833    -61663.7591315689
          4770000000     13465.2962365361    -61406.5497911416
          4780000000     13378.6222604976    -61150.9394552837
          4790000000     13292.6947465275    -60896.9149869046
          4800000000     13207.5056367747    -60644.4633821906
          4810000000     13123.0469779654    -60393.5717690102
          4820000000      13039.310919817      -60144.22740534
          4830000000     12956.2897134813     -59896.417677713
          4840000000     12873.9757100137    -59650.1300996867
          4850000000     12792.3613588686    -59405.3523103336
          4860000000     12711.4392064214    -59162.0720727507
          4870000000     12631.2018945153    -58920.2772725905
          4880000000     12551.6421590337    -58679.9559166104
          4890000000     12472.7528284958    -58441.0961312431
          4900000000     12394.5268226775    -58203.6861611856
          4910000000     12316.9571512549    -57967.7143680068
          4920000000     12240.0369124712    -57733.1692287749
          4930000000     12163.7592918262     -57500.039334702
          4940000000     12088.1175607877    -57268.3133898079
          4950000000      12013.105075525    -57037.9802096012
          4960000000     11938.7152756634    -56809.0287197779
          4970000000     11864.9416830602     -56581.447954938
          4980000000     11791.7779006003    -56355.2270573188
          4990000000     11719.2176110128    -56130.3552755447
          5000000000     11647.2545757072    -55906.8219633943
          5010000000     11575.8826336282    -55684.6165785836
          5020000000     11505.0957001312    -55463.7286815648
          5030000000     11434.8877658745     -55244.147934342
          5040000000     11365.2528957314    -55025.8640993014
          5050000000     11296.1852277193    -54808.8670380581
          5060000000     11227.6789719473    -54593.1467103167
          5070000000       11159.72840958    -54378.6931727483
          5080000000     11092.3278918197    -54165.4965778813
          5090000000     11025.4718389041    -53953.5471730071
          5100000000     10959.1547391207    -53742.8352990997
          5110000000      10893.371147838    -53533.3513897503
          5120000000     10828.1156865516    -53325.0859701145
          5130000000     10763.3830419458    -53118.0296558749
          5140000000     10699.1679649713    -52912.1731522151
          5150000000      10635.465269937    -52707.5072528092
          5160000000     10572.2698336166    -52504.0228388228
          5170000000     10509.5765943699    -52301.7108779274
          5180000000     10447.3805512782     -52100.562423328
          5190000000     10385.6767632931    -51900.5686128026
          5200000000     10324.4603483995    -51701.7206677543
          5210000000     10263.7264827918    -51504.0098922761
          5220000000     10203.4704000633    -51307.4276722265
          5230000000     10143.6873904081    -51111.9654743184
          5240000000     10084.3727998362    -50917.6148452187
          5250000000      10025.522029401    -50724.3674106596
          5260000000     9967.13053443853    -50532.2148745614
          5270000000     9909.19382381952    -50341.1490181666
          5280000000     9851.70745921237    -50151.1616991844
          5290000000     9794.66705435833    -49962.2448509472
          5300000000     9738.06827435787    -49774.3904815764
          5310000000     9681.90683496818    -49587.5906731597
          5320000000     9626.17850191176     -49401.837580939
          5330000000     9570.87909019571    -49217.1234325076
          5340000000     9516.00446344172    -49033.4405270182
          5350000000     9461.55053322635    -48850.7812344009
          5360000000     9407.51325843167    -48669.1379945908
          5370000000      9353.8886446059    -48488.5033167654
          5380000000     9300.67274333393    -48308.8697785912
          5390000000     9247.86165161752    -48130.2300254805
          5400000000     9195.45151126516    -47952.5767698568
          5410000000     9143.43850829113    -47775.9027904297
          5420000000     9091.81887232394    -47600.2009314784
          5430000000      9040.5888760237     -47425.464102145
          5440000000     8989.74483450848    -47251.6852757356
          5450000000     8939.28310478935    -47078.8574890305
          5460000000     8889.20008521404    -46906.9738416031
          5470000000     8839.49221491908    -46736.0274951469
          5480000000      8790.1559732902    -46566.0116728109
          5490000000     8741.18787943089    -46396.9196585435
          5500000000     8692.58449163903    -46228.7447964439
          5510000000     8644.34240689139    -46061.4804901219
          5520000000     8596.45826033582    -45895.1202020653
          5530000000     8548.92872479118    -45729.6574530154
          5540000000     8501.75051025468    -45565.0858213498
          5550000000     8454.92036341658    -45401.3989424725
          5560000000     8408.43506718221    -45238.5905082125
          5570000000     8362.29144020103    -45076.6542662284
          5580000000     8316.48633640276    -44915.5840194208
          5590000000      8271.0166445403    -44755.3736253523
          5600000000     8225.87928773958    -44596.0169956739
          5610000000     8181.07122305588    -44437.5080955581
          5620000000     8136.58944103684    -44279.8409431401
          5630000000     8092.43096529185     -44123.009608964
          5640000000     8048.59285206775    -43967.0082154373
          5650000000     8005.07218983082    -43811.8309362909
          5660000000     7961.86609885485    -43657.4719960459
          5670000000     7918.97173081522    -43503.9256694868
          5680000000     7876.38626838894    -43351.1862811413
          5690000000     7834.10692486051    -43199.2482047655
          5700000000     7792.13094373349    -43048.1058628364
          5710000000     7750.45559834773    -42897.7537260493
          5720000000     7709.07819150212    -42748.1863128218
          5730000000     7667.99605508283    -42599.3981888039
          5740000000     7627.20654969689    -42451.3839663931
          5750000000     7586.70706431104    -42304.1383042561
          5760000000     7546.49501589581    -42157.6559068557
          5770000000     7506.56784907467    -42011.9315239833
          5780000000     7466.92303577825    -41866.9599502969
          5790000000     7427.55807490347    -41722.7360248649
          5800000000      7388.4704919775    -41579.2546307148
          5810000000     7349.65783882665    -41436.5106943872
          5820000000     7311.11769324979    -41294.4991854956
          5830000000     7272.84765869654    -41153.2151162906
          5840000000     7234.84536394994    -41012.6535412297
          5850000000     7197.10846281369    -40872.8095565517
          5860000000     7159.63463380369    -40733.6782998569
          5870000000     7122.42157984409    -40595.2549496909
          5880000000     7085.46702796744    -40457.5347251344
          5890000000     7048.76872901918    -40320.5128853968
          5900000000     7012.32445736621    -40184.1847294155
          5910000000      6976.1320106096    -40048.5455954591
          5920000000     6940.18920930121    -39913.5908607353
          5930000000     6904.49389666438    -39779.3159410032
          5940000000     6869.04393831843    -39645.7162901909
          5950000000     6833.83722200702    -39512.7874000162
          5960000000     6798.87165733025    -39380.5247996128
          5970000000     6764.14517548053    -39248.9240551597
          5980000000     6729.65572898201    -39117.9807695161
          5990000000     6695.40129143372    -38987.6905818593
          6000000000     6661.37985725615    -38858.0491673275
          6010000000     6627.58944144132    -38729.0522366661
          6020000000      6594.0280793064    -38600.6955358786
          6030000000     6560.69382625051    -38472.9748458809
          6040000000     6527.58475751506      -38345.88598216
          6050000000     6494.69896794719    -38219.4247944363
          6060000000      6462.0345717665    -38093.5871663297
          6070000000     6429.58970233501    -37968.3690150294
          6080000000     6397.36251193014    -37843.7662909678
          6090000000     6365.35117152085    -37719.7749774978
          6100000000     6333.55387054676    -37596.3910905735
          6110000000     6301.96881670029    -37473.6106784348
          6120000000     6270.59423571174    -37351.4298212958
          6130000000     6239.42837113721    -37229.8446310357
          6140000000     6208.46948414945    -37108.8512508944
          6150000000     6177.71585333146    -36988.4458551704
          6160000000     6147.16577447288    -36868.6246489229
          6170000000     6116.81756036909    -36749.3838676768
          6180000000       6086.669540623    -36630.7197771305
          6190000000     6056.72006144951    -36512.6286728685
          6200000000     6026.96748548251     -36395.106880075
          6210000000      5997.4101915845    -36278.1507532527
          6220000000     5968.04657465872    -36161.7566759433
          6230000000     5938.87504546372    -36045.9210604519
          6240000000      5909.8940304305    -35930.6403475737
          6250000000     5881.10197148191    -35815.9110063248
          6260000000     5852.49732585454    -35701.7295336746
          6270000000     5824.07856592293    -35588.0924542821
          6280000000     5795.84417902605    -35474.9963202349
          6290000000     5767.79266729612    -35362.4377107908
          6300000000     5739.92254748956    -35250.4132321224
          6310000000     5712.23235082031    -35138.9195170644
          6320000000     5684.72062279518    -35027.9532248638
          6330000000     5657.38592305139    -34917.5110409324
          6340000000     5630.22682519625    -34807.5896766029
          6350000000     5603.24191664893    -34698.1858688862
          6360000000     5576.42979848419     -34589.296380233
          6370000000     5549.78908527823    -34480.9179982964
          6380000000      5523.3184049565    -34373.0475356982
          6390000000     5497.01639864342    -34265.6818297973
          6400000000     5470.88172051414    -34158.8177424602
          6410000000     5444.91303764811    -34052.4521598349
          6420000000     5419.10902988457    -33946.5819921261
          6430000000     5393.46838967986     -33841.204173374
          6440000000     5367.98982196665    -33736.3156612344
          6450000000      5342.6720440148    -33631.9134367614
          6460000000     5317.51378529419    -33527.9945041933
          6470000000      5292.5137873391    -33424.5558907395
          6480000000      5267.6708036145    -33321.5946463703
          6490000000     5242.98359938386    -33219.1078436093
          6500000000      5218.4509515788     -33117.092577327
          6510000000     5194.07164867023    -33015.5459645375
          6520000000     5169.84449054126    -32914.4651441969
          6530000000      5145.7682883616    -32813.8472770041
          6540000000     5121.84186446362    -32713.6895452031
          6550000000     5098.06405221991    -32613.9891523885
          6560000000      5074.4336959224    -32514.7433233116
          6570000000     5050.94965066302    -32415.9493036897
          6580000000     5027.61078221578    -32317.6043600169
          6590000000     5004.41596692041    -32219.7057793772
          6600000000     4981.36409156739    -32122.2508692588
          6610000000     4958.45405328443    -32025.2369573713
          6620000000     4935.68475942434     -31928.661391464
          6630000000     4913.05512745435    -31832.5215391469
          6640000000     4890.56408484672    -31736.8147877125
          6650000000     4868.21056897077    -31641.5385439608
          6660000000      4845.9935269862    -31546.6902340245
          6670000000     4823.91191573776    -31452.2673031976
          6680000000     4801.96470165116    -31358.2672157646
          6690000000     4780.15086063034    -31264.6874548322
          6700000000     4758.46937795594    -31171.5255221621
          6710000000     4736.91924818501    -31078.7789380062
          6720000000     4715.49947505199    -30986.4452409428
          6730000000     4694.20907137089    -30894.5219877153
          6740000000     4673.04705893861    -30803.0067530714
          6750000000      4652.0124684395    -30711.8971296052
          6760000000     4631.10433935106    -30621.1907276003
          6770000000     4610.32171985076     -30530.885174874
          6780000000     4589.66366672404    -30440.9781166244
          6790000000     4569.12924527335    -30351.4672152774
          6800000000     4548.71752922838     -30262.350150337
          6810000000     4528.42760065728    -30173.6246182357
          6820000000     4508.25854987904    -30085.2883321869
          6830000000     4488.20947537683    -29997.3390220394
          6840000000     4468.27948371245    -29909.7744341323
          6850000000     4448.46768944179    -29822.5923311519
          6860000000     4428.77321503128    -29735.7904919905
          6870000000     4409.19519077537    -29649.3667116056
          6880000000     4389.73275471495    -29563.3188008814
          6890000000     4370.38505255681    -29477.6445864913
          6900000000     4351.15123759398    -29392.3419107617
          6910000000     4332.03047062709    -29307.4086315373
          6920000000      4313.0219198866    -29222.8426220479
          6930000000     4294.12476095599    -29138.6417707762
          6940000000     4275.33817669584    -29054.8039813274
          6950000000     4256.66135716883    -28971.3271722991
          6960000000     4238.09349956559    -28888.2092771539
          6970000000     4219.63380813146    -28805.4482440921
          6980000000     4201.28149409407    -28723.0420359264
          6990000000     4183.03577559179    -28640.9886299572
          7000000000     4164.89587760306    -28559.2860178496
          7010000000     4146.86103187646    -28477.9322055115
          7020000000     4128.93047686166    -28396.9252129732
          7030000000     4111.10345764119    -28316.2630742672
          7040000000     4093.37922586291    -28235.9438373102
          7050000000     4075.75703967339    -28155.9655637863
          7060000000       4058.236163652    -28076.3263290301
          7070000000     4040.81586874572    -27997.0242219126
          7080000000     4023.49543220481    -27918.0573447269
          7090000000     4006.27413751912    -27839.4238130756
          7100000000     3989.15127435524    -27761.1217557595
          7110000000     3972.12613849427    -27683.1493146669
          7120000000     3955.19803177035    -27605.5046446641
          7130000000     3938.36626200995    -27528.1859134872
          7140000000     3921.63014297177    -27451.1913016347
          7150000000     3904.98899428737    -27374.5190022614
          7160000000      3888.4421414025    -27298.1672210728
          7170000000     3871.98891551904    -27222.1341762214
          7180000000     3855.62865353767     -27146.418098203
          7190000000     3839.36069800117    -27071.0172297548
          7200000000     3823.18439703831    -26995.9298257538
          7210000000     3807.09910430848    -26921.1541531171
          7220000000     3791.10417894688    -26846.6884907019
          7230000000     3775.19898551033    -26772.5311292078
          7240000000     3759.38289392372     -26698.680371079
          7250000000     3743.65527942704    -26625.1345304078
          7260000000     3728.01552252306    -26551.8919328393
          7270000000     3712.46300892552    -26478.9509154765
          7280000000     3696.99712950796    -26406.3098267866
          7290000000     3681.61728025311    -26333.9670265084
          7300000000     3666.32286220283    -26261.9208855597
          7310000000     3651.11328140868    -26190.1697859471
          7320000000      3635.9879488829    -26118.7121206749
          7330000000     3620.94628055013    -26047.5462936562
          7340000000     3605.98769719948    -25976.6707196241
          7350000000     3591.11162443727    -25906.0838240442
          7360000000     3576.31749264023    -25835.7840430277
          7370000000     3561.60473690925    -25765.7698232451
          7380000000     3546.97279702359    -25696.0396218412
          7390000000     3532.42111739568    -25626.5919063504
          7400000000     3517.94914702637    -25557.4251546132
          7410000000     3503.55633946064    -25488.5378546934
          7420000000     3489.24215274388    -25419.9285047957
          7430000000     3475.00604937861    -25351.5956131847
          7440000000     3460.84749628164     -25283.537698104
          7450000000     3446.76596474177    -25215.7532876964
          7460000000     3432.76093037791    -25148.2409199251
          7470000000     3418.83187309768    -25080.9991424951
          7480000000     3404.97827705641    -25014.0265127755
          7490000000      3391.1996306167    -24947.3215977227
          7500000000     3377.49542630828    -24880.8829738043
          7510000000     3363.86516078842    -24814.7092269234
          7520000000     3350.30833480274    -24748.7989523439
          7530000000     3336.82445314637    -24683.1507546163
          7540000000     3323.41302462569    -24617.7632475045
          7550000000     3310.07356202029    -24552.6350539127
          7560000000     3296.80558204551    -24487.7648058136
          7570000000     3283.60860531532    -24423.1511441768
          7580000000     3270.48215630554    -24358.7927188982
          7590000000     3257.42576331757    -24294.6881887295
          7600000000      3244.4389584424    -24230.8362212093
          7610000000     3231.52127752511    -24167.2354925936
          7620000000     3218.67226012969     -24103.884687788
          7630000000     3205.89144950422    -24040.7825002802
          7640000000     3193.17839254647    -23977.9276320725
          7650000000     3180.53263976983    -23915.3187936157
          7660000000     3167.95374526968    -23852.9547037436
          7670000000     3155.44126668997    -23790.8340896072
          7680000000     3142.99476519031    -23728.9556866107
          7690000000     3130.61380541332    -23667.3182383471
          7700000000     3118.29795545237    -23605.9204965349
          7710000000     3106.04678681961    -23544.7612209551
          7720000000      3093.8598744144    -23483.8391793892
          7730000000     3081.73679649205    -23423.1531475572
          7740000000     3069.67713463285    -23362.7019090566
          7750000000      3057.6804737115    -23302.4842553013
          7760000000      3045.7464018668    -23242.4989854623
          7770000000      3033.8745104717    -23182.7449064074
          7780000000     3022.06439410363    -23123.2208326425
          7790000000     3010.31565051515    -23063.9255862531
          7800000000     2998.62788060496    -23004.8579968463
          7810000000     2987.00068838912    -22946.0169014933
          7820000000     2975.43368097264    -22887.4011446724
          7830000000     2963.92646852133    -22829.0095782128
          7840000000       2952.478664234    -22770.8410612382
          7850000000     2941.08988431486    -22712.8944601118
          7860000000     2929.75974794627    -22655.1686483811
          7870000000     2918.48787726177    -22597.6625067233
          7880000000     2907.27389731936    -22540.3749228918
          7890000000     2896.11743607508    -22483.3047916621
          7900000000     2885.01812435685     -22426.451014779
          7910000000     2873.97559583862    -22369.8125009041
          7920000000     2862.98948701469    -22313.3881655636
          7930000000     2852.05943717441    -22257.1769310964
          7940000000     2841.18508837705    -22201.1777266033
          7950000000     2830.36608542701    -22145.3894878961
          7960000000      2819.6020758492    -22089.8111574469
          7970000000     2808.89270986471    -22034.4416843388
          7980000000     2798.23764036675    -21979.2800242161
          7990000000     2787.63652289683    -21924.3251392352
          8000000000     2777.08901562113    -21869.5759980164
          8010000000     2766.59477930715    -21815.0315755952
          8020000000     2756.15347730065     -21760.690853375
          8030000000      2745.7647755027    -21706.5528190797
          8040000000     2735.42834234711    -21652.6164667062
          8050000000     2725.14384877793    -21598.8807964788
          8060000000     2714.91096822734    -21545.3448148023
          8070000000     2704.72937659362    -21492.0075342167
          8080000000     2694.59875221945    -21438.8679733515
          8090000000     2684.51877587036    -21385.9251568814
          8100000000     2674.48913071344    -21333.1781154809
          8110000000     2664.50950229623    -21280.6258857807
          8120000000     2654.57957852586    -21228.2675103238
          8130000000     2644.69904964834    -21176.1020375219
          8140000000     2634.86760822815    -21124.1285216125
          8150000000     2625.08494912793    -21072.3460226162
          8160000000     2615.35076948844    -21020.7536062943
          8170000000     2605.66476870873    -20969.3503441069
          8180000000     2596.02664842642    -20918.1353131713
          8190000000     2586.43611249828    -20867.1075962207
          8200000000     2576.89286698097    -20816.2662815633
          8210000000     2567.39662011192    -20765.6104630419
          8220000000     2557.94708229047    -20715.1392399933
          8230000000     2548.54396605917     -20664.851717209
          8240000000     2539.18698608521    -20614.7470048949
          8250000000     2529.87585914218     -20564.824218633
          8260000000     2520.61030409183    -20515.0824793418
          8270000000     2511.39004186612    -20465.5209132381
          8280000000     2502.21479544947    -20416.1386517987
          8290000000     2493.08428986105    -20366.9348317224
          8300000000     2483.99825213741    -20317.9085948926
          8310000000     2474.95641131515    -20269.0590883399
          8320000000     2465.95849841383    -20220.3854642053
          8330000000     2457.00424641904    -20171.8868797031
          8340000000     2448.09339026559    -20123.5624970854
          8350000000     2439.22566682094     -20075.411483605
          8360000000     2430.40081486869    -20027.4330114807
          8370000000     2421.61857509237    -19979.6262578609
          8380000000     2412.87869005922    -19931.9904047894
          8390000000     2404.18090420428    -19884.5246391697
          8400000000     2395.52496381454    -19837.2281527308
          8410000000     2386.91061701327    -19790.1001419932
          8420000000     2378.33761374453    -19743.1398082343
          8430000000     2369.80570575776    -19696.3463574552
          8440000000     2361.31464659262    -19649.7190003468
          8450000000     2352.86419156384    -19603.2569522572
          8460000000     2344.45409774638    -19556.9594331582
          8470000000     2336.08412396058    -19510.8256676131
          8480000000     2327.75403075758    -19464.8548847443
          8490000000     2319.46358040474    -19419.0463182011
          8500000000     2311.21253687137    -19373.3992061276
          8510000000     2303.00066581442    -19327.9127911319
          8520000000     2294.82773456447     -19282.586320254
          8530000000      2286.6935121117    -19237.4190449352
          8540000000     2278.59776909216    -19192.4102209871
          8550000000     2270.54027777398    -19147.5591085612
          8560000000     2262.52081204388    -19102.8649721185
          8570000000     2254.53914739373    -19058.3270803995
          8580000000     2246.59506090723    -19013.9447063944
          8590000000     2238.68833124674    -18969.7171273133
          8600000000     2230.81873864024    -18925.6436245572
          8610000000     2222.98606486839    -18881.7234836889
          8620000000     2215.19009325171    -18837.9559944038
          8630000000     2207.43060863793    -18794.3404505015
          8640000000      2199.7073973894    -18750.8761498576
          8650000000     2192.02024737064    -18707.5623943953
          8660000000     2184.36894793603    -18664.3984900572
          8670000000     2176.75328991756    -18621.3837467782
          8680000000     2169.17306561278    -18578.5174784575
          8690000000     2161.62806877275    -18535.7990029318
          8700000000     2154.11809459023    -18493.2276419476
          8710000000     2146.64293968785    -18450.8027211349
          8720000000     2139.20240210653    -18408.5235699806
          8730000000     2131.79628129386    -18366.3895218015
          8740000000     2124.42437809272    -18324.3999137188
          8750000000      2117.0864947299    -18282.5540866318
          8760000000     2109.78243480492    -18240.8513851919
          8770000000     2102.51200327887    -18199.2911577775
          8780000000     2095.27500646341    -18157.8727564682
          8790000000     2088.07125200985    -18116.5955370198
          8800000000     2080.90054889832    -18075.4588588395
          8810000000     2073.76270742709    -18034.4620849608
          8820000000      2066.6575392019     -17993.604582019
          8830000000     2059.58485712547     -17952.885720227
          8840000000     2052.54447538708    -17912.3048733509
          8850000000     2045.53620945224     -17871.861418686
          8860000000     2038.55987605244    -17831.5547370332
          8870000000     2031.61529317503     -17791.384212675
          8880000000     2024.70228005317    -17751.3492333526
          8890000000     2017.82065715586     -17711.449190242
          8900000000      2010.9702461781    -17671.6834779314
          8910000000     2004.15087003112     -17632.051494398
          8920000000     1997.36235283266    -17592.5526409856
          8930000000      1990.6045198974    -17553.1863223817
          8940000000     1983.87719772746    -17513.9519465954
          8950000000     1977.18021400295     -17474.848924935
          8960000000     1970.51339757267    -17435.8766719863
          8970000000     1963.87657844481    -17397.0346055903
          8980000000     1957.26958777782    -17358.3221468219
          8990000000     1950.69225787132    -17319.7387199682
          9000000000     1944.14442215707    -17281.2837525073
          9010000000     1937.62591519009    -17242.9566750869
          9020000000     1931.13657263978    -17204.7569215035
          9030000000     1924.67623128116    -17166.6839286813
          9040000000     1918.24472898622     -17128.737136652
          9050000000     1911.84190471528    -17090.9159885334
          9060000000     1905.46759850848    -17053.2199305102
          9070000000     1899.12165147732    -17015.6484118125
          9080000000     1892.80390579629    -16978.2008846968
          9090000000     1886.51420469456    -16940.8768044255
          9100000000     1880.25239244776    -16903.6756292473
          9110000000     1874.01831436981    -16866.5968203777
          9120000000     1867.81181680488    -16829.6398419792
          9130000000     1861.63274711932    -16792.8041611425
          9140000000     1855.48095369379    -16756.0892478669
          9150000000     1849.35628591532    -16719.4945750415
          9160000000     1843.25859416958    -16683.0196184263
          9170000000     1837.18772983309    -16646.6638566334
          9180000000     1831.14354526562    -16610.4267711086
          9190000000     1825.12589380254    -16574.3078461126
          9200000000     1819.13462974735    -16538.3065687031
          9210000000     1813.16960836416    -16502.4224287164
          9220000000     1807.23068587035    -16466.6549187495
          9230000000     1801.31771942921    -16431.0035341421
          9240000000     1795.43056714268    -16395.4677729587
          9250000000     1789.56908804419    -16360.0471359715
          9260000000     1783.73314209143    -16324.7411266423
          9270000000     1777.92259015939    -16289.5492511055
          9280000000     1772.13729403325    -16254.4710181509
          9290000000     1766.37711640149    -16219.5059392061
          9300000000     1760.64192084898    -16184.6535283203
          9310000000     1754.93157185012     -16149.913302147
          9320000000     1749.24593476214    -16115.2847799271
          9330000000     1743.58487581831    -16080.7674834729
          9340000000     1737.94826212134    -16046.3609371511
          9350000000     1732.33596163675    -16012.0646678665
          9360000000     1726.74784318636    -15977.8782050463
          9370000000     1721.18377644177    -15943.8010806232
          9380000000       1715.643631918      -15909.83282902
          9390000000     1710.12728096703    -15875.9729871337
          9400000000     1704.63459577155    -15842.2210943195
          9410000000      1699.1654493387    -15808.5766923751
          9420000000     1693.71971549382    -15775.0393255256
          9430000000     1688.29726887431     -15741.608540408
          9440000000     1682.89798492358    -15708.2838860553
          9450000000     1677.52173988491    -15675.0649138823
          9460000000     1672.16841079555    -15641.9511776697
          9470000000     1666.83787548069    -15608.9422335497
          9480000000     1661.53001254764    -15576.0376399909
          9490000000     1656.24470137993    -15543.2369577836
          9500000000     1650.98182213154    -15510.5397500252
          9510000000     1645.74125572115    -15477.9455821057
          9520000000     1640.52288382646    -15445.4540216932
          9530000000     1635.32658887853    -15413.0646387198
          9540000000     1630.15225405617    -15380.7770053671
          9550000000     1624.99976328041    -15348.5906960525
          9560000000     1619.86900120898    -15316.5052874146
          9570000000     1614.75985323086    -15284.5203583001
          9580000000     1609.67220546088    -15252.6354897494
          9590000000     1604.60594473433     -15220.850264983
          9600000000     1599.56095860165    -15189.1642693882
          9610000000     1594.53713532317    -15157.5770905052
          9620000000     1589.53436386385    -15126.0883180143
          9630000000     1584.55253388812    -15094.6975437219
          9640000000     1579.59153575474    -15063.4043615476
          9650000000     1574.65126051165    -15032.2083675113
          9660000000     1569.73159989098    -15001.1091597201
          9670000000       1564.832446304    -14970.1063383549
          9680000000     1559.95369283614    -14939.1995056584
          9690000000     1555.09523324209    -14908.3882659217
          9700000000     1550.25696194088    -14877.6722254718
          9710000000     1545.43877401105    -14847.0509926595
          9720000000     1540.64056518583    -14816.5241778464
          9730000000     1535.86223184837    -14786.0913933925
          9740000000     1531.10367102703    -14755.7522536445
          9750000000     1526.36478039069     -14725.506374923
          9760000000     1521.64545824405    -14695.3533755107
          9770000000      1516.9456035231    -14665.2928756404
          9780000000     1512.26511579048     -14635.324497483
          9790000000     1507.60389523097    -14605.4478651354
          9800000000     1502.96184264699    -14575.6626046092
          9810000000     1498.33885945415    -14545.9683438187
          9820000000     1493.73484767681    -14516.3647125695
          9830000000     1489.14970994368    -14486.8513425466
          9840000000     1484.58334948351    -14457.4278673035
          9850000000     1480.03567012074    -14428.0939222506
          9860000000     1475.50657627123    -14398.8491446438
          9870000000     1470.99597293803    -14369.6931735733
          9880000000     1466.50376570713    -14340.6256499529
          9890000000     1462.02986074333    -14311.6462165086
          9900000000     1457.57416478608    -14282.7545177674
          9910000000     1453.13658514535    -14253.9502000472
          9920000000     1448.71702969761    -14225.2329114452
          9930000000     1444.31540688172    -14196.6023018277
          9940000000     1439.93162569498    -14168.0580228191
          9950000000     1435.56559568915    -14139.5997277916
          9960000000     1431.21722696646    -14111.2270718544
          9970000000     1426.88643017574    -14082.9397118436
          9980000000     1422.57311650855    -14054.7373063116
          9990000000     1418.27719769529    -14026.6195155169
         10000000000     1413.99858600141     -13998.586001414
