0.41375 31283 0.083998
0.43535 31706 0.023079
0.45348 32041 0.019774
0.46983 32387 0.067391
0.48505 32636 0.17142
0.49946 32882 0.16464
0.51325 33124 0.89449
0.52655 33339 1.2457
0.53274 49412 6433
0.53945 33520 0.14034
0.55202 33739 0.053875
0.55644 49040 4852.9
0.56429 33904 0.27452
0.57625 48811 4391.1
0.57632 34006 0.027371
0.58811 34018 0.019876
0.59407 48644 3715.3
0.59967 33900 0.59281
0.61061 48494 3002.4
0.61097 33827 0.10744
0.62206 33933 2.1232
0.62623 48318 2755.2
0.63302 34052 3.3881
0.64115 48198 2410.2
0.64385 34081 1.1592
0.65455 34170 0.42886
0.6555 48076 2270.8
0.66514 34289 0.073759
0.6694 47989 1938.4
0.67518 32117 1.0775
0.67563 34434 1.7708
0.6829 47849 1587.4
0.68603 34573 1.7627
0.69606 47680 1350.3
0.69634 34708 0.91839
0.7004 32357 0.18148
0.70657 34827 0.30829
0.70892 47583 1211.5
0.71673 34927 3.3607
0.72141 32534 2.0506
0.72151 47525 1191.4
0.72681 35045 1.7618
0.73386 47437 1026.5
0.73683 35149 4.3143
0.74024 32701 1.369
0.74598 47281 1010.7
0.74678 35257 8.6283
0.75667 35348 1.8463
0.75769 32840 4.5928
0.7579 47047 867.52
