0.48128 27191 0.43433
0.50179 27409 0.97169
0.51894 27631 1.1266
0.53435 27975 1.9532
0.5487 28165 0.47728
0.56222 28357 0.17224
0.57516 28469 10.857
0.58759 28725 12.156
0.59961 28904 2.5284
0.61118 29035 3.7471
0.62157 42621 2921.2
0.62207 28651 6.4119
0.63213 28134 34.183
0.64182 28099 49.516
0.64405 41996 2658.2
0.65141 28687 7.0415
0.66107 29575 11.54
0.66281 41466 2582
0.6712 30160 4.2439
0.67965 41730 2506.9
0.68164 30518 3.2581
0.69227 30925 43.196
0.69523 42205 1959.3
0.70294 31011 80.528
0.70982 41285 1714
0.71353 31228 13.794
0.72383 41419 1764.4
0.72421 31619 7.8238
0.73497 31640 38.538
0.73727 40868 1376.3
0.74568 31741 23.785
0.7503 40616 1172.2
0.75635 31891 78.404
0.76287 40777 836
0.76702 32235 28.496
0.77517 40721 865.18
0.77771 32373 3.646
0.78715 41283 587.01
0.78752 27247 14.748
0.78833 32664 57.944
0.79879 41508 489.15
0.79897 32904 21.436
0.8096 33132 43.057
0.8098 40765 798.55
0.8116 27228 30.915
0.82017 39480 588.7
0.82017 33421 21.787
0.83019 38936 346.01
0.83075 33535 215.75
0.83158 27288 31.774
