 # ID name  angle[rad]  betax[m]  betay[m] halfgap[m]  Material  Length[m]  sigx[m]  sigy[m] tilt1[rad] tilt2[rad]
          64 TCL.5R1.B1     0.00000E+00   0.60568E+02   0.28752E+03   0.33806E-02 CU   0.10000E+01   0.24676E-03   0.53762E-03   0.00000E+00   0.00000E+00
          57 TCTH.4L2.B1    0.00000E+00   0.78191E+02   0.90859E+02   0.84671E-02 W    0.10000E+01   0.28037E-03   0.30223E-03   0.00000E+00   0.00000E+00
          72 TDI.4L2.B1     0.15710E+01   0.13810E+03   0.87100E+02   0.29561E+00 CU   0.40000E+01   0.37260E-03   0.29591E-03   0.00000E+00   0.00000E+00
          61 TCTVB.4L2      0.15710E+01   0.15449E+03   0.90112E+02   0.90896E-02 W    0.10000E+01   0.39409E-03   0.30098E-03   0.00000E+00   0.00000E+00
          67 TCLIA.4R2      0.15710E+01   0.89329E+02   0.14795E+03   0.38527E+00 C    0.10000E+01   0.29967E-03   0.38566E-03   0.00000E+00   0.00000E+00
          68 TCLIB.6R2.B1   0.15710E+01   0.17822E+03   0.75356E+02   0.27496E+00 C    0.10000E+01   0.42328E-03   0.27524E-03   0.00000E+00   0.00000E+00
           1 TCP.6L3.B1     0.00000E+00   0.12979E+03   0.14272E+03   0.38288E-02 C    0.60000E+00   0.36121E-03   0.37878E-03   0.00000E+00   0.00000E+00
           2 TCSG.5L3.B1    0.00000E+00   0.53489E+02   0.29522E+03   0.29450E-02 C    0.10000E+01   0.23189E-03   0.54478E-03   0.00000E+00   0.00000E+00
           4 TCSG.4R3.B1    0.00000E+00   0.26393E+02   0.40075E+03   0.20687E-02 C    0.10000E+01   0.16289E-03   0.63472E-03   0.00000E+00   0.00000E+00
           6 TCSG.A5R3.B1   0.29810E+01   0.35562E+02   0.34903E+03   0.26581E-02 C    0.10000E+01   0.18908E-03   0.59235E-03   0.00000E+00   0.00000E+00
           8 TCSG.B5R3.B1   0.19897E+00   0.44922E+02   0.31718E+03   0.30014E-02 C    0.10000E+01   0.21251E-03   0.56468E-03   0.00000E+00   0.00000E+00
          46 TCLA.A5R3.B1   0.15710E+01   0.13961E+03   0.17860E+03   0.59746E-02 W    0.10000E+01   0.37463E-03   0.42373E-03   0.00000E+00   0.00000E+00
          47 TCLA.B5R3.B1   0.00000E+00   0.14850E+03   0.17117E+03   0.54480E-02 W    0.10000E+01   0.38638E-03   0.41482E-03   0.00000E+00   0.00000E+00
          48 TCLA.6R3.B1    0.00000E+00   0.12733E+03   0.16801E+03   0.50447E-02 W    0.10000E+01   0.35778E-03   0.41097E-03   0.00000E+00   0.00000E+00
          49 TCLA.7R3.B1    0.00000E+00   0.67651E+02   0.94492E+02   0.36771E-02 W    0.10000E+01   0.26079E-03   0.30821E-03   0.00000E+00   0.00000E+00
          58 TCTH.4L5.B1    0.00000E+00   0.42579E+03   0.17209E+03   0.83745E-02 W    0.10000E+01   0.65426E-03   0.41593E-03   0.00000E+00   0.00000E+00
          59 TCTVA.4L5.B1   0.15710E+01   0.42701E+03   0.18097E+03   0.54596E-02 W    0.10000E+01   0.65519E-03   0.42653E-03   0.00000E+00   0.00000E+00
          66 TCL.5R5.B1     0.00000E+00   0.62856E+02   0.28377E+03   0.34438E-02 CU   0.10000E+01   0.25137E-03   0.53411E-03   0.00000E+00   0.00000E+00
          69 TCDQA.A4R6.B   0.00000E+00   0.48438E+03   0.16783E+03   0.80947E-02 C    0.30000E+01   0.69782E-03   0.41075E-03   0.00000E+00   0.00000E+00
          70 TCDQA.B4R6.B   0.00000E+00   0.49517E+03   0.17221E+03   0.81843E-02 C    0.30000E+01   0.70555E-03   0.41608E-03   0.00000E+00   0.00000E+00
          71 TCSG.4R6.B1    0.00000E+00   0.50725E+03   0.17727E+03   0.72838E-02 C    0.10000E+01   0.71410E-03   0.42215E-03   0.00000E+00   0.00000E+00
          10 TCP.D6L7.B1    0.15710E+01   0.16131E+03   0.77017E+02   0.16695E-02 C    0.60000E+00   0.40270E-03   0.27825E-03   0.00000E+00   0.00000E+00
          11 TCP.C6L7.B1    0.00000E+00   0.15298E+03   0.81412E+02   0.23529E-02 C    0.60000E+00   0.39216E-03   0.28608E-03   0.00000E+00   0.00000E+00
          12 TCP.B6L7.B1    0.22150E+01   0.14491E+03   0.86031E+02   0.19703E-02 C    0.60000E+00   0.38168E-03   0.29409E-03   0.00000E+00   0.00000E+00
          16 TCSG.A6L7.B1   0.24627E+01   0.41415E+02   0.22291E+03   0.29658E-02 C    0.10000E+01   0.20404E-03   0.47339E-03   0.00000E+00   0.00000E+00
          18 TCSG.B5L7.B1   0.25046E+01   0.15482E+03   0.16410E+03   0.35083E-02 C    0.10000E+01   0.39451E-03   0.40616E-03   0.00000E+00   0.00000E+00
          20 TCSG.A5L7.B1   0.71035E+00   0.17980E+03   0.14389E+03   0.35790E-02 C    0.10000E+01   0.42515E-03   0.38034E-03   0.00000E+00   0.00000E+00
          22 TCSG.D4L7.B1   0.15708E+01   0.32110E+03   0.68333E+02   0.23065E-02 C    0.10000E+01   0.56816E-03   0.26210E-03   0.00000E+00   0.00000E+00
          26 TCSG.B4L7.B1   0.00000E+00   0.13474E+03   0.13338E+03   0.32388E-02 C    0.10000E+01   0.36804E-03   0.36618E-03   0.00000E+00   0.00000E+00
          28 TCSG.A4L7.B1   0.23492E+01   0.12414E+03   0.14387E+03   0.32316E-02 C    0.10000E+01   0.35327E-03   0.38031E-03   0.00000E+00   0.00000E+00
          30 TCSG.A4R7.B1   0.80809E+00   0.11422E+03   0.15499E+03   0.32483E-02 C    0.10000E+01   0.33886E-03   0.39473E-03   0.00000E+00   0.00000E+00
          36 TCSG.B5R7.B1   0.24696E+01   0.12654E+03   0.27123E+03   0.37705E-02 C    0.10000E+01   0.35667E-03   0.52218E-03   0.00000E+00   0.00000E+00
          40 TCSG.D5R7.B1   0.89710E+00   0.22180E+03   0.16039E+03   0.37878E-02 C    0.10000E+01   0.47220E-03   0.40155E-03   0.00000E+00   0.00000E+00
          42 TCSG.E5R7.B1   0.22776E+01   0.25024E+03   0.13759E+03   0.37961E-02 C    0.10000E+01   0.50157E-03   0.37192E-03   0.00000E+00   0.00000E+00
          44 TCSG.6R7.B1    0.87300E-02   0.34693E+03   0.47035E+02   0.51968E-02 C    0.10000E+01   0.59056E-03   0.21745E-03   0.00000E+00   0.00000E+00
          50 TCLA.A6R7.B1   0.15710E+01   0.30668E+03   0.47608E+02   0.37628E-02 W    0.10000E+01   0.55525E-03   0.21877E-03   0.00000E+00   0.00000E+00
          51 TCLA.B6R7.B1   0.00000E+00   0.16351E+03   0.75042E+02   0.69735E-02 W    0.10000E+01   0.40544E-03   0.27466E-03   0.00000E+00   0.00000E+00
          52 TCLA.C6R7.B1   0.15710E+01   0.68799E+02   0.15003E+03   0.66798E-02 W    0.10000E+01   0.26299E-03   0.38836E-03   0.00000E+00   0.00000E+00
          53 TCLA.D6R7.B1   0.00000E+00   0.65074E+02   0.15604E+03   0.43993E-02 W    0.10000E+01   0.25577E-03   0.39606E-03   0.00000E+00   0.00000E+00
          54 TCLA.A7R7.B1   0.00000E+00   0.61785E+02   0.14906E+03   0.42866E-02 W    0.10000E+01   0.24922E-03   0.38711E-03   0.00000E+00   0.00000E+00
          60 TCTH.4L8.B1    0.00000E+00   0.26957E+03   0.38996E+03   0.79649E-02 W    0.10000E+01   0.52058E-03   0.62612E-03   0.00000E+00   0.00000E+00
          62 TCTVB.4L8      0.15710E+01   0.54686E+03   0.37586E+03   0.94049E-02 W    0.10000E+01   0.74146E-03   0.61470E-03   0.00000E+00   0.00000E+00
          55 TCTH.4L1.B1    0.00000E+00   0.44487E+03   0.17567E+03   0.85600E-02 W    0.10000E+01   0.66875E-03   0.42024E-03   0.00000E+00   0.00000E+00
          56 TCTVA.4L1.B1   0.15710E+01   0.44601E+03   0.18475E+03   0.55164E-02 W    0.10000E+01   0.66961E-03   0.43097E-03   0.00000E+00   0.00000E+00
