#	ID	name	angle[rad]	betax[m]	betay[m]	halfgap[m]	Material	Length[m]	sigx[m]	sigy[m]	tilt1[rad]	tilt2[rad]	Nsig_open			.TRUE. 8.0 9.3 9.3 10.0 5.7 6.7 6.7 10.0 900.0 6.8 8.0 7.0 6.8
	64	TCL.5R1.B1	0.00E+00	1.45E+02	1.32E+02	9.25E-01	CU	1.00E+00	1.03E-03	9.83E-04	0.00E+00	0.00E+00	900.02			 900.0 900.0 900.0 900.0 900.0 900.0 900.0 900.0
	57	TCTH.4L2.B1	0.00E+00	4.70E+01	4.83E+01	5.27E-01	W	1.00E+00	5.86E-04	5.94E-04	0.00E+00	0.00E+00	900.01			
	72	TDI.4L2.B1	1.57E+00	1.09E+02	4.46E+01	3.88E-03	CU	4.00E+00	8.93E-04	5.70E-04	0.00E+00	0.00E+00	6.80			
	61	TCTVB.4L2	1.57E+00	1.29E+02	5.24E+01	5.57E-01	W	1.00E+00	9.69E-04	6.19E-04	0.00E+00	0.00E+00	900.00			
	67	TCLIA.4R2	1.57E+00	4.97E+01	1.22E+02	6.42E-03	C	1.00E+00	6.02E-04	9.44E-04	0.00E+00	0.00E+00	6.80			
	68	TCLIB.6R2.B1	1.57E+00	2.61E+02	3.73E+01	3.55E-03	C	1.00E+00	1.38E-03	5.22E-04	0.00E+00	0.00E+00	6.80			
	1	TCP.6L3.B1	0.00E+00	1.31E+02	1.45E+02	7.83E-03	C	6.00E-01	9.79E-04	1.03E-03	0.00E+00	0.00E+00	8.00			
	2	TCSG.5L3.B1	0.00E+00	5.45E+01	2.99E+02	5.87E-03	C	1.00E+00	6.31E-04	1.48E-03	0.00E+00	0.00E+00	9.30			
	4	TCSG.4R3.B1	0.00E+00	2.62E+01	3.94E+02	4.07E-03	C	1.00E+00	4.37E-04	1.69E-03	0.00E+00	0.00E+00	9.30			
	6	TCSG.A5R3.B1	2.98E+00	3.58E+01	3.43E+02	5.25E-03	C	1.00E+00	5.11E-04	1.58E-03	0.00E+00	0.00E+00	9.30			
	8	TCSG.B5R3.B1	1.99E-01	4.55E+01	3.11E+02	5.94E-03	C	1.00E+00	5.76E-04	1.51E-03	0.00E+00	0.00E+00	9.30			
	46	TCLA.A5R3.B1	1.57E+00	1.42E+02	1.75E+02	1.13E-02	W	1.00E+00	1.02E-03	1.13E-03	0.00E+00	0.00E+00	10.00			
	47	TCLA.B5R3.B1	0.00E+00	1.51E+02	1.68E+02	1.05E-02	W	1.00E+00	1.05E-03	1.11E-03	0.00E+00	0.00E+00	10.00			
	48	TCLA.6R3.B1	0.00E+00	1.29E+02	1.69E+02	9.71E-03	W	1.00E+00	9.71E-04	1.11E-03	0.00E+00	0.00E+00	10.00			
	49	TCLA.7R3.B1	0.00E+00	6.59E+01	1.00E+02	6.94E-03	W	1.00E+00	6.94E-04	8.55E-04	0.00E+00	0.00E+00	10.00			
	58	TCTH.4L5.B1	0.00E+00	1.60E+02	7.95E+01	9.74E-01	W	1.00E+00	1.08E-03	7.61E-04	0.00E+00	0.00E+00	899.97			
	59	TCTVA.4L5.B1	1.57E+00	1.58E+02	7.96E+01	6.86E-01	W	1.00E+00	1.07E-03	7.62E-04	0.00E+00	0.00E+00	900.00			
	66	TCL.5R5.B1	0.00E+00	1.44E+02	1.33E+02	9.24E-01	CU	1.00E+00	1.03E-03	9.85E-04	0.00E+00	0.00E+00	900.02			
	69	TCDQA.A4R6.B	0.00E+00	4.95E+02	1.65E+02	1.52E-02	C	3.00E+00	1.90E-03	1.10E-03	0.00E+00	0.00E+00	8.00			
	70	TCDQA.B4R6.B	0.00E+00	5.06E+02	1.70E+02	1.54E-02	C	3.00E+00	1.92E-03	1.11E-03	0.00E+00	0.00E+00	8.00			
	71	TCSG.4R6.B1	0.00E+00	5.19E+02	1.75E+02	1.36E-02	C	1.00E+00	1.95E-03	1.13E-03	0.00E+00	0.00E+00	7.00			
	10	TCP.D6L7.B1	1.57E+00	1.59E+02	7.83E+01	4.31E-03	C	6.00E-01	1.08E-03	7.56E-04	0.00E+00	0.00E+00	5.70			
	11	TCP.C6L7.B1	0.00E+00	1.50E+02	8.28E+01	5.97E-03	C	6.00E-01	1.05E-03	7.77E-04	0.00E+00	0.00E+00	5.70			
	12	TCP.B6L7.B1	2.22E+00	1.42E+02	8.75E+01	5.04E-03	C	6.00E-01	1.02E-03	7.99E-04	0.00E+00	0.00E+00	5.70			
	16	TCSG.A6L7.B1	2.46E+00	3.98E+01	2.27E+02	6.10E-03	C	1.00E+00	5.39E-04	1.29E-03	0.00E+00	0.00E+00	6.70			
	18	TCSG.B5L7.B1	2.50E+00	1.60E+02	1.66E+02	7.29E-03	C	1.00E+00	1.08E-03	1.10E-03	0.00E+00	0.00E+00	6.70			
	20	TCSG.A5L7.B1	7.10E-01	1.86E+02	1.46E+02	7.44E-03	C	1.00E+00	1.17E-03	1.03E-03	0.00E+00	0.00E+00	6.70			
	22	TCSG.D4L7.B1	1.57E+00	3.33E+02	6.88E+01	4.75E-03	C	1.00E+00	1.56E-03	7.09E-04	0.00E+00	0.00E+00	6.70			
	26	TCSG.B4L7.B1	0.00E+00	1.40E+02	1.31E+02	6.77E-03	C	1.00E+00	1.01E-03	9.78E-04	0.00E+00	0.00E+00	6.70			
	28	TCSG.A4L7.B1	2.35E+00	1.29E+02	1.41E+02	6.65E-03	C	1.00E+00	9.69E-04	1.02E-03	0.00E+00	0.00E+00	6.70			
	30	TCSG.A4R7.B1	8.08E-01	1.18E+02	1.52E+02	6.68E-03	C	1.00E+00	9.29E-04	1.05E-03	0.00E+00	0.00E+00	6.70			
	36	TCSG.B5R7.B1	2.47E+00	1.22E+02	2.68E+02	7.64E-03	C	1.00E+00	9.43E-04	1.40E-03	0.00E+00	0.00E+00	6.70			
	40	TCSG.D5R7.B1	8.97E-01	2.14E+02	1.59E+02	7.68E-03	C	1.00E+00	1.25E-03	1.08E-03	0.00E+00	0.00E+00	6.70			
	42	TCSG.E5R7.B1	2.28E+00	2.41E+02	1.36E+02	7.69E-03	C	1.00E+00	1.33E-03	9.97E-04	0.00E+00	0.00E+00	6.70			
	44	TCSG.6R7.B1	8.73E-03	3.36E+02	4.74E+01	1.05E-02	C	1.00E+00	1.57E-03	5.88E-04	0.00E+00	0.00E+00	6.70			
	50	TCLA.A6R7.B1	1.57E+00	2.97E+02	4.82E+01	5.93E-03	W	1.00E+00	1.47E-03	5.93E-04	0.00E+00	0.00E+00	10.00			
	51	TCLA.B6R7.B1	0.00E+00	1.59E+02	7.63E+01	1.08E-02	W	1.00E+00	1.08E-03	7.46E-04	0.00E+00	0.00E+00	10.00			
	52	TCLA.C6R7.B1	1.57E+00	6.86E+01	1.52E+02	1.05E-02	W	1.00E+00	7.08E-04	1.05E-03	0.00E+00	0.00E+00	10.00			
	53	TCLA.D6R7.B1	0.00E+00	6.51E+01	1.58E+02	6.89E-03	W	1.00E+00	6.89E-04	1.07E-03	0.00E+00	0.00E+00	10.00			
	54	TCLA.A7R7.B1	0.00E+00	6.40E+01	1.48E+02	6.83E-03	W	1.00E+00	6.83E-04	1.04E-03	0.00E+00	0.00E+00	10.00			
	60	TCTH.4L8.B1	0.00E+00	4.69E+01	4.84E+01	5.27E-01	W	1.00E+00	5.85E-04	5.94E-04	0.00E+00	0.00E+00	900.01			
	62	TCTVB.4L8	1.57E+00	1.28E+02	5.25E+01	5.57E-01	W	1.00E+00	9.67E-04	6.19E-04	0.00E+00	0.00E+00	900.00			
	55	TCTH.4L1.B1	0.00E+00	1.61E+02	7.96E+01	9.75E-01	W	1.00E+00	1.08E-03	7.62E-04	0.00E+00	0.00E+00	900.01			
	56	TCTVA.4L1.B1	1.57E+00	1.58E+02	7.98E+01	6.87E-01	W	1.00E+00	1.07E-03	7.63E-04	0.00E+00	0.00E+00	899.99			
