#	ID	name	angle[rad]	betax[m]	betay[m]	halfgap[m]	Material	Length[m]	sigx[m]	sigy[m]	tilt1[rad]	tilt2[rad]	Nsig_open
	64	TCL.5R1.B1	0.00E+00	1.67E+02	9.45E+02	2.90E-03	CU	1.00E+00	0.00E+00	0.00E+00	0.00E+00	0.00E+00	0
	57	TCTH.4L2.B1	0.00E+00	7.71E+01	9.60E+01	1.63E-03	W	1.00E+00	0.00E+00	0.00E+00	0.00E+00	0.00E+00	0
	72	TDI.4L2.B1	1.57E+00	1.41E+02	8.94E+01	2.12E-01	CU	4.00E+00	0.00E+00	0.00E+00	0.00E+00	0.00E+00	0
	61	TCTVB.4L2.B1	1.57E+00	1.59E+02	9.17E+01	1.78E-03	W	1.00E+00	0.00E+00	0.00E+00	0.00E+00	0.00E+00	0
	67	TCLIA.4R2	1.57E+00	5.50E+01	1.27E+02	2.27E-01	C	1.00E+00	0.00E+00	0.00E+00	0.00E+00	0.00E+00	0
	68	TCLIB.6R2.B1	1.57E+00	1.70E+02	7.51E+01	1.94E-01	C	1.00E+00	0.00E+00	0.00E+00	0.00E+00	0.00E+00	0
	1	TCP.6L3.B1	0.00E+00	1.23E+02	1.39E+02	3.73E-03	C	6.00E-01	0.00E+00	0.00E+00	0.00E+00	0.00E+00	0
	2	TCSG.5L3.B1	0.00E+00	5.38E+01	2.91E+02	2.96E-03	C	1.00E+00	0.00E+00	0.00E+00	0.00E+00	0.00E+00	0
	4	TCSG.4R3.B1	0.00E+00	2.46E+01	4.21E+02	2.00E-03	C	1.00E+00	0.00E+00	0.00E+00	0.00E+00	0.00E+00	0
	6	TCSG.A5R3.B1	2.98E+00	3.34E+01	3.66E+02	2.61E-03	C	1.00E+00	0.00E+00	0.00E+00	0.00E+00	0.00E+00	0
	8	TCSG.B5R3.B1	1.89E-01	4.27E+01	3.33E+02	2.93E-03	C	1.00E+00	0.00E+00	0.00E+00	0.00E+00	0.00E+00	0
	46	TCLA.A5R3.B1	1.57E+00	1.40E+02	1.86E+02	6.12E-03	W	1.00E+00	0.00E+00	0.00E+00	0.00E+00	0.00E+00	0
	47	TCLA.B5R3.B1	0.00E+00	1.49E+02	1.78E+02	5.48E-03	W	1.00E+00	0.00E+00	0.00E+00	0.00E+00	0.00E+00	0
	48	TCLA.6R3.B1	0.00E+00	1.34E+02	1.62E+02	5.19E-03	W	1.00E+00	0.00E+00	0.00E+00	0.00E+00	0.00E+00	0
	49	TCLA.7R3.B1	0.00E+00	6.66E+01	8.39E+01	3.66E-03	W	1.00E+00	0.00E+00	0.00E+00	0.00E+00	0.00E+00	0
	58	TCTH.4L5.B1	0.00E+00	1.48E+03	6.04E+02	7.16E-03	W	1.00E+00	0.00E+00	0.00E+00	0.00E+00	0.00E+00	0
	59	TCTVA.4L5.B1	1.57E+00	1.49E+03	6.37E+02	4.70E-03	W	1.00E+00	0.00E+00	0.00E+00	0.00E+00	0.00E+00	0
	66	TCL.5R5.B1	0.00E+00	1.66E+02	8.98E+02	2.89E-03	CU	1.00E+00	0.00E+00	0.00E+00	0.00E+00	0.00E+00	0
	69	TCDQA.A4R6.B	0.00E+00	4.49E+02	1.66E+02	3.80E-03	C	3.00E+00	0.00E+00	0.00E+00	0.00E+00	0.00E+00	0
	70	TCDQA.B4R6.B	0.00E+00	4.59E+02	1.70E+02	3.84E-03	C	3.00E+00	0.00E+00	0.00E+00	0.00E+00	0.00E+00	0
	71	TCSG.4R6.B1	0.00E+00	4.70E+02	1.75E+02	3.65E-03	C	1.00E+00	0.00E+00	0.00E+00	0.00E+00	0.00E+00	0
	10	TCP.D6L7.B1	1.57E+00	1.62E+02	8.08E+01	1.21E-03	C	6.00E-01	0.00E+00	0.00E+00	0.00E+00	0.00E+00	0
	11	TCP.C6L7.B1	0.00E+00	1.54E+02	8.56E+01	1.67E-03	C	6.00E-01	0.00E+00	0.00E+00	0.00E+00	0.00E+00	0
	12	TCP.B6L7.B1	2.22E+00	1.46E+02	9.06E+01	1.41E-03	C	6.00E-01	0.00E+00	0.00E+00	0.00E+00	0.00E+00	0
	16	TCSG.A6L7.B1	2.46E+00	4.16E+01	2.37E+02	1.71E-03	C	1.00E+00	0.00E+00	0.00E+00	0.00E+00	0.00E+00	0
	18	TCSG.B5L7.B1	2.50E+00	1.54E+02	1.74E+02	1.99E-03	C	1.00E+00	0.00E+00	0.00E+00	0.00E+00	0.00E+00	0
	20	TCSG.A5L7.B1	7.10E-01	1.79E+02	1.52E+02	2.03E-03	C	1.00E+00	0.00E+00	0.00E+00	0.00E+00	0.00E+00	0
	22	TCSG.D4L7.B1	1.57E+00	3.19E+02	7.12E+01	1.32E-03	C	1.00E+00	0.00E+00	0.00E+00	0.00E+00	0.00E+00	0
	26	TCSG.B4L7.B1	0.00E+00	1.34E+02	1.26E+02	1.82E-03	C	1.00E+00	0.00E+00	0.00E+00	0.00E+00	0.00E+00	0
	28	TCSG.A4L7.B1	2.35E+00	1.24E+02	1.35E+02	1.79E-03	C	1.00E+00	0.00E+00	0.00E+00	0.00E+00	0.00E+00	0
	30	TCSG.A4R7.B1	8.08E-01	1.14E+02	1.46E+02	1.79E-03	C	1.00E+00	0.00E+00	0.00E+00	0.00E+00	0.00E+00	0
	36	TCSG.B5R7.B1	2.47E+00	1.27E+02	2.56E+02	2.09E-03	C	1.00E+00	0.00E+00	0.00E+00	0.00E+00	0.00E+00	0
	40	TCSG.D5R7.B1	8.97E-01	2.22E+02	1.52E+02	2.10E-03	C	1.00E+00	0.00E+00	0.00E+00	0.00E+00	0.00E+00	0
	42	TCSG.E5R7.B1	2.28E+00	2.51E+02	1.31E+02	2.11E-03	C	1.00E+00	0.00E+00	0.00E+00	0.00E+00	0.00E+00	0
	44	TCSG.6R7.B1	8.73E-03	3.47E+02	4.75E+01	2.92E-03	C	1.00E+00	0.00E+00	0.00E+00	0.00E+00	0.00E+00	0
	50	TCLA.A6R7.B1	1.57E+00	3.07E+02	4.90E+01	1.57E-03	W	1.00E+00	0.00E+00	0.00E+00	0.00E+00	0.00E+00	0
	51	TCLA.B6R7.B1	0.00E+00	1.63E+02	7.99E+01	2.87E-03	W	1.00E+00	0.00E+00	0.00E+00	0.00E+00	0.00E+00	0
	52	TCLA.C6R7.B1	1.57E+00	6.85E+01	1.58E+02	2.82E-03	W	1.00E+00	0.00E+00	0.00E+00	0.00E+00	0.00E+00	0
	53	TCLA.D6R7.B1	0.00E+00	6.47E+01	1.64E+02	1.80E-03	W	1.00E+00	0.00E+00	0.00E+00	0.00E+00	0.00E+00	0
	54	TCLA.A7R7.B1	0.00E+00	6.29E+01	1.52E+02	1.78E-03	W	1.00E+00	0.00E+00	0.00E+00	0.00E+00	0.00E+00	0
	60	TCTH.4L8.B1	0.00E+00	9.91E+01	1.20E+02	1.85E-03	W	1.00E+00	0.00E+00	0.00E+00	0.00E+00	0.00E+00	0
	62	TCTVB.4L8.B1	1.57E+00	1.76E+02	1.10E+02	1.95E-03	W	1.00E+00	0.00E+00	0.00E+00	0.00E+00	0.00E+00	0
	55	TCTH.4L1.B1	0.00E+00	1.53E+03	6.41E+02	7.29E-03	W	1.00E+00	0.00E+00	0.00E+00	0.00E+00	0.00E+00	0
	56	TCTVA.4L1.B1	1.57E+00	1.54E+03	6.77E+02	4.84E-03	W	1.00E+00	0.00E+00	0.00E+00	0.00E+00	0.00E+00	0
