 # ID name  angle[rad]  betax[m]  betay[m] halfgap[m]  Material  Length[m]  sigx[m]  sigy[m] tilt1[rad] tilt2[rad] nsig
        66 TCL.5R1.B1     0.00000E+00   0.17229E+03   0.90346E+03   0.30539E-02 CU   0.10000E+01   0.30539E-03   0.69933E-03   0.00000E+00   0.00000E+00   0.10000E+02
        59 TCTH.4L2.B1    0.00000E+00   0.77917E+02   0.90428E+02   0.17046E-02 W    0.10000E+01   0.20537E-03   0.22125E-03   0.00000E+00   0.00000E+00   0.83000E+01
        74 TDI.4L2.B1     0.15710E+01   0.13858E+03   0.87798E+02   0.19621E+00 CU   0.40000E+01   0.27389E-03   0.21801E-03   0.00000E+00   0.00000E+00   0.90000E+03
        63 TCTVB.4L2      0.15710E+01   0.15516E+03   0.91013E+02   0.18423E-02 W    0.10000E+01   0.28982E-03   0.22196E-03   0.00000E+00   0.00000E+00   0.83000E+01
        69 TCLIA.4R2      0.15710E+01   0.89858E+02   0.14970E+03   0.25620E+00 C    0.10000E+01   0.22055E-03   0.28467E-03   0.00000E+00   0.00000E+00   0.90000E+03
        70 TCLIB.6R2.B1   0.15710E+01   0.17659E+03   0.74453E+02   0.18068E+00 CFC  0.10000E+01   0.30918E-03   0.20076E-03   0.00000E+00   0.00000E+00   0.90000E+03
         1 TCP.6L3.B1     0.00000E+00   0.13152E+03   0.14470E+03   0.40024E-02 CFC  0.60000E+00   0.26683E-03   0.27987E-03   0.00000E+00   0.00000E+00   0.15000E+02
         2 TCSG.5L3.B1    0.00000E+00   0.54607E+02   0.29863E+03   0.30947E-02 CFC  0.10000E+01   0.17193E-03   0.40206E-03   0.00000E+00   0.00000E+00   0.18000E+02
         4 TCSG.4R3.B1    0.00000E+00   0.26211E+02   0.39517E+03   0.21441E-02 CFC  0.10000E+01   0.11912E-03   0.46250E-03   0.00000E+00   0.00000E+00   0.18000E+02
         6 TCSG.A5R3.B1   0.29810E+01   0.35868E+02   0.34408E+03   0.27699E-02 CFC  0.10000E+01   0.13934E-03   0.43158E-03   0.00000E+00   0.00000E+00   0.18000E+02
         8 TCSG.B5R3.B1   0.19897E+00   0.45538E+02   0.31265E+03   0.31332E-02 CFC  0.10000E+01   0.15700E-03   0.41139E-03   0.00000E+00   0.00000E+00   0.18000E+02
        46 TCLA.A5R3.B1   0.15710E+01   0.14252E+03   0.17600E+03   0.61732E-02 W    0.10000E+01   0.27776E-03   0.30866E-03   0.00000E+00   0.00000E+00   0.20000E+02
        47 TCLA.B5R3.B1   0.00000E+00   0.15161E+03   0.16867E+03   0.57295E-02 W    0.10000E+01   0.28648E-03   0.30217E-03   0.00000E+00   0.00000E+00   0.20000E+02
        48 TCLA.6R3.B1    0.00000E+00   0.12942E+03   0.16870E+03   0.52938E-02 W    0.10000E+01   0.26469E-03   0.30219E-03   0.00000E+00   0.00000E+00   0.20000E+02
        49 TCLA.7R3.B1    0.00000E+00   0.66234E+02   0.96901E+02   0.37870E-02 W    0.10000E+01   0.18935E-03   0.22903E-03   0.00000E+00   0.00000E+00   0.20000E+02
        60 TCTH.4L5.B1    0.00000E+00   0.15749E+04   0.60224E+03   0.76635E-02 W    0.10000E+01   0.92332E-03   0.57097E-03   0.00000E+00   0.00000E+00   0.83000E+01
        61 TCTVA.4L5.B1   0.15710E+01   0.15810E+04   0.63584E+03   0.48694E-02 W    0.10000E+01   0.92511E-03   0.58668E-03   0.00000E+00   0.00000E+00   0.83000E+01
        68 TCL.5R5.B1     0.00000E+00   0.17271E+03   0.90671E+03   0.30576E-02 CU   0.10000E+01   0.30576E-03   0.70058E-03   0.00000E+00   0.00000E+00   0.10000E+02
        71 TCDQA.A4R6.B   0.00000E+00   0.49370E+03   0.16794E+03   0.41357E-02 C    0.30000E+01   0.51696E-03   0.30151E-03   0.00000E+00   0.00000E+00   0.80000E+01
        72 TCDQA.B4R6.B   0.00000E+00   0.50479E+03   0.17221E+03   0.41819E-02 C    0.30000E+01   0.52273E-03   0.30532E-03   0.00000E+00   0.00000E+00   0.80000E+01
        73 TCSG.4R6.B1    0.00000E+00   0.51720E+03   0.17714E+03   0.39684E-02 CFC  0.10000E+01   0.52912E-03   0.30966E-03   0.00000E+00   0.00000E+00   0.75000E+01
        10 TCP.D6L7.B1    0.15710E+01   0.15887E+03   0.78263E+02   0.12350E-02 CFC  0.60000E+00   0.29326E-03   0.20583E-03   0.00000E+00   0.00000E+00   0.60000E+01
        11 TCP.C6L7.B1    0.00000E+00   0.15053E+03   0.82763E+02   0.17127E-02 CFC  0.60000E+00   0.28545E-03   0.21166E-03   0.00000E+00   0.00000E+00   0.60000E+01
        12 TCP.B6L7.B1    0.22150E+01   0.14246E+03   0.87488E+02   0.14461E-02 CFC  0.60000E+00   0.27770E-03   0.21762E-03   0.00000E+00   0.00000E+00   0.60000E+01
        16 TCSG.A6L7.B1   0.24627E+01   0.39872E+02   0.22693E+03   0.17361E-02 CFC  0.10000E+01   0.14691E-03   0.35048E-03   0.00000E+00   0.00000E+00   0.70000E+01
        18 TCSG.B5L7.B1   0.25046E+01   0.15998E+03   0.16651E+03   0.20748E-02 CFC  0.10000E+01   0.29428E-03   0.30023E-03   0.00000E+00   0.00000E+00   0.70000E+01
        20 TCSG.A5L7.B1   0.71035E+00   0.18596E+03   0.14593E+03   0.21168E-02 CFC  0.10000E+01   0.31727E-03   0.28106E-03   0.00000E+00   0.00000E+00   0.70000E+01
        22 TCSG.D4L7.B1   0.15708E+01   0.33292E+03   0.68864E+02   0.13515E-02 CFC  0.10000E+01   0.42452E-03   0.19307E-03   0.00000E+00   0.00000E+00   0.70000E+01
        26 TCSG.B4L7.B1   0.00000E+00   0.13975E+03   0.13098E+03   0.19253E-02 CFC  0.10000E+01   0.27504E-03   0.26628E-03   0.00000E+00   0.00000E+00   0.70000E+01
        28 TCSG.A4L7.B1   0.23492E+01   0.12866E+03   0.14128E+03   0.18927E-02 CFC  0.10000E+01   0.26391E-03   0.27655E-03   0.00000E+00   0.00000E+00   0.70000E+01
        30 TCSG.A4R7.B1   0.80809E+00   0.11828E+03   0.15221E+03   0.18994E-02 CFC  0.10000E+01   0.25303E-03   0.28704E-03   0.00000E+00   0.00000E+00   0.70000E+01
        36 TCSG.B5R7.B1   0.24696E+01   0.12185E+03   0.26755E+03   0.21748E-02 CFC  0.10000E+01   0.25682E-03   0.38056E-03   0.00000E+00   0.00000E+00   0.70000E+01
        40 TCSG.D5R7.B1   0.89710E+00   0.21387E+03   0.15853E+03   0.21855E-02 CFC  0.10000E+01   0.34025E-03   0.29294E-03   0.00000E+00   0.00000E+00   0.70000E+01
        42 TCSG.E5R7.B1   0.22776E+01   0.24140E+03   0.13610E+03   0.21881E-02 CFC  0.10000E+01   0.36148E-03   0.27143E-03   0.00000E+00   0.00000E+00   0.70000E+01
        44 TCSG.6R7.B1    0.87300E-02   0.33575E+03   0.47359E+02   0.29841E-02 CFC  0.10000E+01   0.42632E-03   0.16011E-03   0.00000E+00   0.00000E+00   0.70000E+01
        50 TCLA.A6R7.B1   0.15710E+01   0.29706E+03   0.48158E+02   0.16146E-02 W    0.10000E+01   0.40100E-03   0.16146E-03   0.00000E+00   0.00000E+00   0.10000E+02
        51 TCLA.B6R7.B1   0.00000E+00   0.15949E+03   0.76391E+02   0.29383E-02 W    0.10000E+01   0.29383E-03   0.20335E-03   0.00000E+00   0.00000E+00   0.10000E+02
        52 TCLA.C6R7.B1   0.15710E+01   0.68608E+02   0.15189E+03   0.28674E-02 W    0.10000E+01   0.19271E-03   0.28674E-03   0.00000E+00   0.00000E+00   0.10000E+02
        53 TCLA.D6R7.B1   0.00000E+00   0.65041E+02   0.15792E+03   0.18764E-02 W    0.10000E+01   0.18764E-03   0.29238E-03   0.00000E+00   0.00000E+00   0.10000E+02
        54 TCLA.A7R7.B1   0.00000E+00   0.64255E+02   0.14741E+03   0.18650E-02 W    0.10000E+01   0.18650E-03   0.28248E-03   0.00000E+00   0.00000E+00   0.10000E+02
        55 TCRYO.8R7.B1   0.00000E+00   0.33528E+02   0.14533E+03   0.13472E-02 W    0.10000E+01   0.13472E-03   0.28048E-03   0.00000E+00   0.00000E+00   0.10000E+02
        56 TCRYO.10R7.B   0.00000E+00   0.42959E+02   0.13814E+03   0.15249E-02 W    0.10000E+01   0.15249E-03   0.27345E-03   0.00000E+00   0.00000E+00   0.10000E+02
        62 TCTH.4L8.B1    0.00000E+00   0.97243E+02   0.13056E+03   0.19043E-02 W    0.10000E+01   0.22943E-03   0.26585E-03   0.00000E+00   0.00000E+00   0.83000E+01
        64 TCTVB.4L8      0.15710E+01   0.16851E+03   0.11165E+03   0.20404E-02 W    0.10000E+01   0.30202E-03   0.24584E-03   0.00000E+00   0.00000E+00   0.83000E+01
        57 TCTH.4L1.B1    0.00000E+00   0.15749E+04   0.60224E+03   0.76635E-02 W    0.10000E+01   0.92332E-03   0.57097E-03   0.00000E+00   0.00000E+00   0.83000E+01
        58 TCTVA.4L1.B1   0.15710E+01   0.15810E+04   0.63584E+03   0.48694E-02 W    0.10000E+01   0.92511E-03   0.58668E-03   0.00000E+00   0.00000E+00   0.83000E+01
