 # ID name  angle[rad]  betax[m]  betay[m] halfgap[m]  Material  Length[m]  sigx[m]  sigy[m] tilt1[rad] tilt2[rad] nsig
        66 TCL.5R1.B1     0.00000E+00   0.17229E+03   0.90346E+03   0.29504E-02 CU   0.10000E+01   0.29504E-03   0.67561E-03   0.00000E+00   0.00000E+00   0.10000E+02
        59 TCTH.4L2.B1    0.00000E+00   0.77917E+02   0.90428E+02   0.51586E-02 W    0.10000E+01   0.19841E-03   0.21374E-03   0.00000E+00   0.00000E+00   0.26000E+02
        74 TDI.4L2.B1     0.15710E+01   0.13858E+03   0.87798E+02   0.21040E+00 CU   0.40000E+01   0.26460E-03   0.21061E-03   0.00000E+00   0.00000E+00   0.99900E+03
        63 TCTVB.4L2      0.15710E+01   0.15516E+03   0.91013E+02   0.55753E-02 W    0.10000E+01   0.27999E-03   0.21443E-03   0.00000E+00   0.00000E+00   0.26000E+02
        69 TCLIA.4R2      0.15710E+01   0.89858E+02   0.14970E+03   0.27474E+00 C    0.10000E+01   0.21307E-03   0.27501E-03   0.00000E+00   0.00000E+00   0.99900E+03
        70 TCLIB.6R2.B1   0.15710E+01   0.17659E+03   0.74453E+02   0.19375E+00 CFC  0.10000E+01   0.29869E-03   0.19395E-03   0.00000E+00   0.00000E+00   0.99900E+03
         1 TCP.6L3.B1     0.00000E+00   0.13152E+03   0.14470E+03   0.30933E-02 CFC  0.60000E+00   0.25778E-03   0.27038E-03   0.00000E+00   0.00000E+00   0.12000E+02
         2 TCSG.5L3.B1    0.00000E+00   0.54607E+02   0.29863E+03   0.25912E-02 CFC  0.10000E+01   0.16610E-03   0.38843E-03   0.00000E+00   0.00000E+00   0.15600E+02
         4 TCSG.4R3.B1    0.00000E+00   0.26211E+02   0.39517E+03   0.17952E-02 CFC  0.10000E+01   0.11508E-03   0.44682E-03   0.00000E+00   0.00000E+00   0.15600E+02
         6 TCSG.A5R3.B1   0.29810E+01   0.35868E+02   0.34408E+03   0.23192E-02 CFC  0.10000E+01   0.13462E-03   0.41694E-03   0.00000E+00   0.00000E+00   0.15600E+02
         8 TCSG.B5R3.B1   0.19897E+00   0.45538E+02   0.31265E+03   0.26234E-02 CFC  0.10000E+01   0.15168E-03   0.39744E-03   0.00000E+00   0.00000E+00   0.15600E+02
        46 TCLA.A5R3.B1   0.15710E+01   0.14252E+03   0.17600E+03   0.52482E-02 W    0.10000E+01   0.26834E-03   0.29819E-03   0.00000E+00   0.00000E+00   0.17600E+02
        47 TCLA.B5R3.B1   0.00000E+00   0.15161E+03   0.16867E+03   0.48710E-02 W    0.10000E+01   0.27676E-03   0.29192E-03   0.00000E+00   0.00000E+00   0.17600E+02
        48 TCLA.6R3.B1    0.00000E+00   0.12942E+03   0.16870E+03   0.45005E-02 W    0.10000E+01   0.25571E-03   0.29195E-03   0.00000E+00   0.00000E+00   0.17600E+02
        49 TCLA.7R3.B1    0.00000E+00   0.66234E+02   0.96901E+02   0.32196E-02 W    0.10000E+01   0.18293E-03   0.22126E-03   0.00000E+00   0.00000E+00   0.17600E+02
        60 TCTH.4L5.B1    0.00000E+00   0.15749E+04   0.60224E+03   0.89201E-02 W    0.10000E+01   0.89201E-03   0.55161E-03   0.00000E+00   0.00000E+00   0.10000E+02
        61 TCTVA.4L5.B1   0.15710E+01   0.15810E+04   0.63584E+03   0.56678E-02 W    0.10000E+01   0.89374E-03   0.56678E-03   0.00000E+00   0.00000E+00   0.10000E+02
        68 TCL.5R5.B1     0.00000E+00   0.17271E+03   0.90671E+03   0.29540E-02 CU   0.10000E+01   0.29540E-03   0.67683E-03   0.00000E+00   0.00000E+00   0.10000E+02
        71 TCDQA.A4R6.B   0.00000E+00   0.49370E+03   0.16794E+03   0.47946E-02 C    0.30000E+01   0.49943E-03   0.29129E-03   0.00000E+00   0.00000E+00   0.96000E+01
        72 TCDQA.B4R6.B   0.00000E+00   0.50479E+03   0.17221E+03   0.48481E-02 C    0.30000E+01   0.50501E-03   0.29497E-03   0.00000E+00   0.00000E+00   0.96000E+01
        73 TCSG.4R6.B1    0.00000E+00   0.51720E+03   0.17714E+03   0.46517E-02 CFC  0.10000E+01   0.51118E-03   0.29916E-03   0.00000E+00   0.00000E+00   0.91000E+01
        10 TCP.D6L7.B1    0.15710E+01   0.15887E+03   0.78263E+02   0.10937E-02 CFC  0.60000E+00   0.28331E-03   0.19885E-03   0.00000E+00   0.00000E+00   0.55000E+01
        11 TCP.C6L7.B1    0.00000E+00   0.15053E+03   0.82763E+02   0.15168E-02 CFC  0.60000E+00   0.27577E-03   0.20449E-03   0.00000E+00   0.00000E+00   0.55000E+01
        12 TCP.B6L7.B1    0.22150E+01   0.14246E+03   0.87488E+02   0.12807E-02 CFC  0.60000E+00   0.26828E-03   0.21024E-03   0.00000E+00   0.00000E+00   0.55000E+01
        16 TCSG.A6L7.B1   0.24627E+01   0.39872E+02   0.22693E+03   0.19169E-02 CFC  0.10000E+01   0.14193E-03   0.33860E-03   0.00000E+00   0.00000E+00   0.80000E+01
        18 TCSG.B5L7.B1   0.25046E+01   0.15998E+03   0.16651E+03   0.22908E-02 CFC  0.10000E+01   0.28430E-03   0.29005E-03   0.00000E+00   0.00000E+00   0.80000E+01
        20 TCSG.A5L7.B1   0.71035E+00   0.18596E+03   0.14593E+03   0.23372E-02 CFC  0.10000E+01   0.30652E-03   0.27153E-03   0.00000E+00   0.00000E+00   0.80000E+01
        22 TCSG.D4L7.B1   0.15708E+01   0.33292E+03   0.68864E+02   0.14922E-02 CFC  0.10000E+01   0.41012E-03   0.18653E-03   0.00000E+00   0.00000E+00   0.80000E+01
        26 TCSG.B4L7.B1   0.00000E+00   0.13975E+03   0.13098E+03   0.21257E-02 CFC  0.10000E+01   0.26572E-03   0.25725E-03   0.00000E+00   0.00000E+00   0.80000E+01
        28 TCSG.A4L7.B1   0.23492E+01   0.12866E+03   0.14128E+03   0.20898E-02 CFC  0.10000E+01   0.25496E-03   0.26717E-03   0.00000E+00   0.00000E+00   0.80000E+01
        30 TCSG.A4R7.B1   0.80809E+00   0.11828E+03   0.15221E+03   0.20971E-02 CFC  0.10000E+01   0.24445E-03   0.27731E-03   0.00000E+00   0.00000E+00   0.80000E+01
        36 TCSG.B5R7.B1   0.24696E+01   0.12185E+03   0.26755E+03   0.24012E-02 CFC  0.10000E+01   0.24812E-03   0.36766E-03   0.00000E+00   0.00000E+00   0.80000E+01
        40 TCSG.D5R7.B1   0.89710E+00   0.21387E+03   0.15853E+03   0.24130E-02 CFC  0.10000E+01   0.32872E-03   0.28301E-03   0.00000E+00   0.00000E+00   0.80000E+01
        42 TCSG.E5R7.B1   0.22776E+01   0.24140E+03   0.13610E+03   0.24159E-02 CFC  0.10000E+01   0.34923E-03   0.26222E-03   0.00000E+00   0.00000E+00   0.80000E+01
        44 TCSG.6R7.B1    0.87300E-02   0.33575E+03   0.47359E+02   0.32948E-02 CFC  0.10000E+01   0.41186E-03   0.15468E-03   0.00000E+00   0.00000E+00   0.80000E+01
        50 TCLA.A6R7.B1   0.15710E+01   0.29706E+03   0.48158E+02   0.16534E-02 W    0.10000E+01   0.38740E-03   0.15598E-03   0.00000E+00   0.00000E+00   0.10600E+02
        51 TCLA.B6R7.B1   0.00000E+00   0.15949E+03   0.76391E+02   0.30090E-02 W    0.10000E+01   0.28386E-03   0.19646E-03   0.00000E+00   0.00000E+00   0.10600E+02
        52 TCLA.C6R7.B1   0.15710E+01   0.68608E+02   0.15189E+03   0.29364E-02 W    0.10000E+01   0.18618E-03   0.27702E-03   0.00000E+00   0.00000E+00   0.10600E+02
        53 TCLA.D6R7.B1   0.00000E+00   0.65041E+02   0.15792E+03   0.19215E-02 W    0.10000E+01   0.18127E-03   0.28246E-03   0.00000E+00   0.00000E+00   0.10600E+02
        54 TCLA.A7R7.B1   0.00000E+00   0.64255E+02   0.14741E+03   0.19099E-02 W    0.10000E+01   0.18018E-03   0.27290E-03   0.00000E+00   0.00000E+00   0.10600E+02
        55 TCRYO.8R7.B1   0.00000E+00   0.33528E+02   0.14533E+03   0.13015E-02 W    0.10000E+01   0.13015E-03   0.27097E-03   0.00000E+00   0.00000E+00   0.10000E+02
        56 TCRYO.10R7.B   0.00000E+00   0.42959E+02   0.13814E+03   0.14732E-02 W    0.10000E+01   0.14732E-03   0.26418E-03   0.00000E+00   0.00000E+00   0.10000E+02
        62 TCTH.4L8.B1    0.00000E+00   0.97243E+02   0.13056E+03   0.57630E-02 W    0.10000E+01   0.22165E-03   0.25684E-03   0.00000E+00   0.00000E+00   0.26000E+02
        64 TCTVB.4L8      0.15710E+01   0.16851E+03   0.11165E+03   0.61750E-02 W    0.10000E+01   0.29178E-03   0.23750E-03   0.00000E+00   0.00000E+00   0.26000E+02
        57 TCTH.4L1.B1    0.00000E+00   0.15749E+04   0.60224E+03   0.89201E-02 W    0.10000E+01   0.89201E-03   0.55161E-03   0.00000E+00   0.00000E+00   0.10000E+02
        58 TCTVA.4L1.B1   0.15710E+01   0.15810E+04   0.63584E+03   0.56678E-02 W    0.10000E+01   0.89374E-03   0.56678E-03   0.00000E+00   0.00000E+00   0.10000E+02
